0 0.51
1 0.00
2 0.00
3 64.39
4 3.08
5 94.99
6 57.39
7 0.26
8 1.53
9 0.26
10 0.26
11 13.49
12 10.43
13 98.25
14 100.00
15 100.00
16 100.00
17 88.22
18 0.00
19 0.00
20 0.00
21 0.00
22 0.26
23 0.00
24 0.00
25 0.00
26 0.00
27 0.00
28 0.00
29 0.00
30 0.00
31 0.00
32 0.00
33 0.00
34 0.00
35 0.00
36 0.00
37 0.00
38 0.00
39 0.00
40 0.26
41 0.00
42 0.26
43 0.00
44 0.26
45 0.00
46 0.00
47 0.00
48 0.00
49 0.00
50 0.00
51 0.00
52 0.26
53 0.00
54 0.00
55 0.00
56 0.00
57 0.00
58 0.00
59 0.00
60 0.00
61 0.00
62 0.00
63 0.00
64 0.00
65 0.00
66 0.00
67 0.00
68 0.00
69 0.00
70 0.00
71 0.00
72 0.00
73 0.00
