0 0.00
1 0.00
2 0.00
3 17.75
4 0.00
5 3.00
6 0.00
7 0.00
8 0.00
9 0.00
10 0.00
11 1.75
12 0.50
13 0.00
14 0.00
15 0.00
16 0.00
17 0.00
18 0.00
19 0.00
20 0.00
21 0.00
22 0.00
23 0.00
24 24.75
25 100.00
26 100.00
27 100.00
28 100.00
29 100.00
30 100.00
31 100.00
32 100.00
33 100.00
34 100.00
35 100.00
36 100.00
37 100.00
38 100.00
39 21.20
40 49.87
41 0.00
42 0.00
43 0.00
44 74.56
45 100.00
46 100.00
47 100.00
48 100.00
49 25.06
50 0.00
51 0.00
52 0.00
53 0.00
54 0.00
55 0.00
56 0.00
57 0.00
58 0.00
59 0.00
60 0.00
61 0.00
62 0.00
63 0.00
64 0.00
65 0.00
66 0.00
67 0.00
68 0.00
69 0.00
70 0.00
71 0.00
72 0.00
73 0.00
