0 0.25
1 0.25
2 0.25
3 0.00
4 0.00
5 0.00
6 0.00
7 0.00
8 0.00
9 0.00
10 0.25
11 0.00
12 0.00
13 0.00
14 0.00
15 0.00
16 0.00
17 0.00
18 0.00
19 0.00
20 0.00
21 0.00
22 0.00
23 0.25
24 0.00
25 0.26
26 0.00
27 0.25
28 0.00
29 0.00
30 0.25
31 0.00
32 0.25
33 0.00
34 0.00
35 0.00
36 0.25
37 0.26
38 0.00
39 0.00
40 0.00
41 0.00
42 0.25
43 0.00
44 0.00
45 0.00
46 0.00
47 0.25
48 0.00
49 0.25
50 0.00
51 0.25
52 0.00
53 0.00
54 0.25
55 0.00
56 0.25
57 0.00
58 0.25
59 0.00
60 0.25
61 0.25
62 0.25
63 0.00
64 0.51
65 0.00
66 0.25
67 0.00
68 0.25
69 0.00
70 0.25
71 0.25
72 0.25
73 0.25
