0 0.00
1 0.00
2 0.00
3 0.00
4 0.00
5 0.00
6 48.00
7 100.00
8 100.00
9 100.00
10 70.50
11 0.00
12 47.75
13 1.75
14 0.00
15 0.00
16 0.00
17 0.00
18 0.00
19 0.00
20 0.00
21 57.39
22 100.00
23 100.00
24 75.25
25 0.00
26 0.00
27 0.00
28 0.00
29 0.00
30 0.00
31 0.00
32 0.00
33 0.00
34 0.00
35 0.00
36 0.00
37 0.00
38 0.00
39 0.00
40 0.00
41 0.00
42 0.00
43 0.00
44 0.00
45 0.00
46 0.00
47 0.00
48 0.00
49 74.81
50 100.00
51 100.00
52 100.00
53 100.00
54 55.50
55 0.00
56 0.00
57 0.00
58 0.00
59 0.00
60 0.00
61 0.00
62 0.00
63 0.00
64 0.00
65 0.00
66 0.00
67 0.00
68 0.00
69 0.00
70 0.00
71 0.00
72 0.00
73 0.00
