procs -----------memory---------- ---swap-- -----io---- --system-- -----cpu-----
 r  b   swpd   free   buff  cache   si   so    bi    bo   in   cs us sy id wa st
 4  0     15  63024    213    245    0    0     0     2    0    0 23  4 73  0  0	
 3  0     15  62852    213    245    0    0     0    40 4375 3302  6  0 94  0  0	
 5  0     15  62853    213    245    0    0     0     0 4461 3552  6  0 94  0  0	
 2  0     15  62854    213    245    0    0     0    14 3695 3029  6  0 94  0  0	
 4  0     15  62856    213    245    0    0     0     0 3030 2405  6  0 94  0  0	
 3  0     15  62857    213    245    0    0     0    24 3047 2419  6  0 94  0  0	
 2  0     15  62857    213    245    0    0     0     0 3048 2427  6  0 94  0  0	
 2  0     15  62857    213    245    0    0     0     0 3031 2410  6  0 94  0  0	
 2  0     15  62858    213    245    0    0     0     6 3041 2413  6  0 94  0  0	
 2  0     15  62858    213    245    0    0     0     6 3049 2434  6  0 94  0  0	
 2  0     15  62858    213    245    0    0     0     0 3104 2470  6  0 94  0  0	
 3  0     15  62858    213    245    0    0     0     0 4223 3053  6  0 94  0  0	
 2  0     15  62858    213    245    0    0     0     4 3229 2472  6  0 94  0  0	
 3  0     15  62858    213    245    0    0     0     0 4077 3347  6  0 94  0  0	
 2  0     15  62858    213    245    0    0     0     3 3980 2593  6  0 94  0  0	
 3  0     15  62858    213    245    0    0     0     0 3875 2806  6  0 94  0  0	
 3  0     15  62858    213    245    0    0     0     0 3705 3037  6  0 94  0  0	
 2  0     15  62858    213    245    0    0     0     0 4048 3002  6  0 94  0  0	
 3  0     15  62858    213    245    0    0     0     6 3988 2635  6  0 94  0  0	
 2  0     15  62858    213    245    0    0     0     0 3746 2844  6  0 94  0  0	
 2  0     15  62858    213    245    0    0     0     0 4600 3836  6  0 94  0  0	
procs -----------memory---------- ---swap-- -----io---- --system-- -----cpu-----
 r  b   swpd   free   buff  cache   si   so    bi    bo   in   cs us sy id wa st
 2  0     15  62858    213    245    0    0     0     0 4343 3464  6  0 94  0  0	
 2  0     15  62858    213    245    0    0     0     0 3998 3325  6  0 94  0  0	
 2  0     15  62858    213    245    0    0     0     0 3967 2602  6  0 94  0  0	
 3  0     15  62858    213    245    0    0     0     0 4705 4179  6  0 94  0  0	
 3  0     15  62858    213    245    0    0     0     0 4448 3588  6  0 94  0  0	
 2  0     15  62858    213    245    0    0     0     0 4202 2978  6  0 94  0  0	
 2  0     15  62858    213    245    0    0     0     0 3997 2863  6  0 94  0  0	
 2  0     15  62858    213    245    0    0     0     4 3678 2826  6  0 94  0  0	
 2  0     15  62858    213    245    0    0     0     0 4032 3142  6  0 94  0  0	
 2  0     15  62858    213    245    0    0     0     0 3460 2568  6  0 94  0  0	
 3  0     15  62857    213    245    0    0     0     0 3664 2733  6  0 94  0  0	
 2  0     15  62857    213    245    0    0     0     0 4063 3165  6  0 94  0  0	
 3  0     15  62857    213    245    0    0     0     0 4338 3405  6  0 94  0  0	
 2  0     15  62857    213    245    0    0     0     0 3996 2644  6  0 94  0  0	
 2  0     15  62857    213    245    0    0     0     0 3998 2647  6  0 94  0  0	
 2  0     15  62858    213    245    0    0     0     0 4028 2702  6  0 94  0  0	
 2  0     15  62858    213    245    0    0     0     2 4298 3390  6  0 94  0  0	
 2  0     15  62858    213    245    0    0     0     0 4397 3414  6  0 94  0  0	
 2  0     15  62858    213    245    0    0     0     0 3449 2539  6  0 94  0  0	
 3  0     15  62858    213    245    0    0     0     0 3034 2414  6  0 94  0  0	
 2  0     15  62858    213    245    0    0     0     0 3035 2422  6  0 94  0  0	
procs -----------memory---------- ---swap-- -----io---- --system-- -----cpu-----
 r  b   swpd   free   buff  cache   si   so    bi    bo   in   cs us sy id wa st
 3  0     15  63038    213    245    0    0     0     0 3611 2876  6  0 94  0  0	
 2  0     15  62813    213    245    0    0     0    19 4973 3708  6  0 94  0  0	
 2  0     15  62307    213    245    0    0     0     0 4282 3190  6  0 94  0  0	
 2  0     15  62308    213    245    0    0     0     0 4300 3367  6  0 94  0  0	
 2  0     15  62308    213    245    0    0     0     0 3734 2889  6  0 94  0  0	
 3  0     15  62308    213    245    0    0     0     0 3319 2802  6  0 94  0  0	
 2  0     15  62308    213    245    0    0     0     0 3661 2946  6  0 94  0  0	
 4  0     15  62308    213    245    0    0     0     0 3814 2831  6  0 94  0  0	
 2  0     15  62308    213    245    0    0     0     1 3689 2764  6  0 94  0  0	
 2  0     15  62309    213    245    0    0     0    12 3829 3175  6  0 94  0  0	
 2  0     15  62309    213    245    0    0     0    20 3556 2902  6  0 94  0  0	
 2  0     15  62309    213    245    0    0     0     0 3849 2854  6  0 94  0  0	
 3  0     15  62309    213    245    0    0     0     0 3695 3038  6  0 94  0  0	
 2  0     15  62309    213    245    0    0     0     0 3420 2802  6  0 94  0  0	
 4  0     15  62309    213    245    0    0     0     0 3301 2733  6  0 94  0  0	
 2  0     15  62309    213    245    0    0     0     0 3680 2857  6  0 94  0  0	
 2  0     15  62309    213    245    0    0     0     0 3175 2503  6  0 94  0  0	
 2  0     15  62309    213    245    0    0     0     3 3033 2422  6  0 94  0  0	
 2  0     15  62309    213    245    0    0     0     0 3099 2541  6  0 94  0  0	
 2  0     15  62309    213    245    0    0     0     0 3488 2910  6  0 94  0  0	
 2  0     15  62309    213    245    0    0     0     0 3544 2698  6  0 94  0  0	
procs -----------memory---------- ---swap-- -----io---- --system-- -----cpu-----
 r  b   swpd   free   buff  cache   si   so    bi    bo   in   cs us sy id wa st
 3  0     15  62309    213    245    0    0     0     0 3743 2943  6  0 94  0  0	
 2  0     15  62309    213    245    0    0     0     0 3797 2865  6  0 94  0  0	
 2  0     15  62309    213    245    0    0     0     0 4188 2906  6  0 94  0  0	
 2  0     15  62306    213    245    0    0     0     1 4403 3168  6  0 94  0  0	
 2  0     15  62307    213    245    0    0     0    13 4181 2912  6  0 94  0  0	
 2  0     15  62308    213    245    0    0     0     0 3462 2555  6  0 94  0  0	
 2  0     15  62308    213    245    0    0     0     0 3047 2433  6  0 94  0  0	
 3  0     15  62308    213    245    0    0     0     0 3035 2417  6  0 94  0  0	
 2  0     15  62309    213    245    0    0     0     0 3037 2420  6  0 94  0  0	
 2  0     15  62309    213    245    0    0     0     0 3050 2438  6  0 94  0  0	
 2  0     15  62309    213    245    0    0     0     0 3047 2425  6  0 94  0  0	
 2  0     15  62309    213    245    0    0     0     3 3033 2420  6  0 94  0  0	
 3  0     15  62309    213    245    0    0     0     9 3049 2443  6  0 94  0  0	
 2  0     15  62309    213    245    0    0     0     4 3087 2496  6  0 94  0  0	
 2  0     15  62309    213    245    0    0     0     0 3670 2814  6  0 94  0  0	
 2  0     15  62309    213    245    0    0     0     0 3308 2759  6  0 94  0  0	
 2  0     15  62309    213    245    0    0     0     0 3506 2919  6  0 94  0  0	
 2  0     15  62309    213    245    0    0     0     0 3540 3111  6  0 94  0  0	
 2  0     15  62309    213    245    0    0     0     0 3988 3181  6  0 94  0  0	
 2  0     15  62309    213    245    0    0     0     0 4263 3059  6  0 94  0  0	
 2  0     15  62309    213    245    0    0     0     0 3506 2640  6  0 94  0  0	
procs -----------memory---------- ---swap-- -----io---- --system-- -----cpu-----
 r  b   swpd   free   buff  cache   si   so    bi    bo   in   cs us sy id wa st
 3  0     15  62309    213    245    0    0     0     1 3048 2440  6  0 94  0  0	
 2  0     15  62309    213    245    0    0     0     0 3037 2420  6  0 94  0  0	
 2  0     15  62309    213    245    0    0     0     0 3034 2416  6  0 94  0  0	
 2  0     15  62309    213    245    0    0     0     4 3053 2442  6  0 94  0  0	
 2  0     15  62309    213    245    0    0     0     0 3057 2423  6  0 94  0  0	
 2  0     15  62309    213    245    0    0     0     3 3033 2420  6  0 94  0  0	
 2  0     15  62309    213    245    0    0     0     0 3077 2504  6  0 94  0  0	
 2  0     15  62309    213    245    0    0     0     0 3675 2987  6  0 94  0  0	
 2  0     15  62309    213    245    0    0     0     0 4090 3005  6  0 94  0  0	
 3  0     15  62309    213    245    0    0     0     0 4159 3007  6  0 94  0  0	
 2  0     15  62309    213    245    0    0     0     0 3040 2416  6  0 94  0  0	
 2  0     15  62309    213    245    0    0     0     2 3040 2422  6  0 94  0  0	
 2  0     15  62309    213    245    0    0     0     0 3051 2437  6  0 94  0  0	
 2  0     15  62309    213    245    0    0     0     0 3036 2422  6  0 94  0  0	
 3  0     15  62309    213    245    0    0     0     0 3684 2798  6  0 94  0  0	
 2  0     15  62309    213    245    0    0     0     0 4091 2734  6  0 94  0  0	
 3  0     15  62309    213    245    0    0     0     0 3850 2953  6  0 94  0  0	
 2  0     15  62309    213    245    0    0     0     0 3785 2875  6  0 94  0  0	
 2  0     15  62309    213    245    0    0     0     0 4040 3071  6  0 94  0  0	
 2  0     15  62309    213    245    0    0     0     4 3193 2637  6  0 94  0  0	
 3  0     15  62309    213    245    0    0     0     0 3841 3031  6  0 94  0  0	
procs -----------memory---------- ---swap-- -----io---- --system-- -----cpu-----
 r  b   swpd   free   buff  cache   si   so    bi    bo   in   cs us sy id wa st
 2  0     15  62309    213    245    0    0     0     0 3676 2983  6  0 94  0  0	
 2  0     15  62309    213    245    0    0     0     0 3158 2622  6  0 94  0  0	
 2  0     15  62309    213    245    0    0     0     0 3737 2933  6  0 94  0  0	
 2  0     15  62309    213    245    0    0     0     0 3372 2737  6  0 94  0  0	
 2  0     15  62309    213    245    0    0     0     0 3121 2592  6  0 94  0  0	
 2  0     15  62309    213    245    0    0     0     0 3606 2670  6  0 94  0  0	
 2  0     15  62309    213    245    0    0     0     0 3509 2626  6  0 94  0  0	
 2  0     15  62309    213    245    0    0     0     2 3620 2968  6  0 94  0  0	
 2  0     15  62309    213    245    0    0     0     0 3437 2636  6  0 94  0  0	
 2  0     15  62309    213    245    0    0     0     0 3259 2594  6  0 94  0  0	
 2  0     15  62309    213    245    0    0     0     0 3551 2740  6  0 94  0  0	
 2  0     15  62309    213    245    0    0     0     0 3655 2792  6  0 94  0  0	
 2  0     15  62309    213    245    0    0     0     0 3550 2601  6  0 94  0  0	
 2  0     15  62309    213    245    0    0     0     0 3358 2569  6  0 94  0  0	
 2  0     15  62309    213    245    0    0     0     3 3125 2597  6  0 94  0  0	
 2  0     15  62309    213    245    0    0     0     0 3167 2580  6  0 94  0  0	
 2  0     15  62309    213    245    0    0     0     0 3469 2792  6  0 94  0  0	
 2  0     15  62309    213    245    0    0     0     0 3057 2440  6  0 94  0  0	
 2  0     15  62309    213    245    0    0     0     0 3046 2438  6  0 94  0  0	
 2  0     15  62309    213    245    0    0     0     0 3029 2404  6  0 94  0  0	
 2  0     15  62309    213    245    0    0     0     0 3152 2459  6  0 94  0  0	
procs -----------memory---------- ---swap-- -----io---- --system-- -----cpu-----
 r  b   swpd   free   buff  cache   si   so    bi    bo   in   cs us sy id wa st
 3  0     15  62309    213    245    0    0     0     0 4199 2920  6  0 94  0  0	
 2  0     15  62309    213    245    0    0     0     1 3378 2841  6  0 94  0  0	
 2  0     15  62309    213    245    0    0     0     0 3042 2421  6  0 94  0  0	
 2  0     15  62309    213    245    0    0     0     0 3978 2892  6  0 94  0  0	
 2  0     15  62309    213    245    0    0     0     0 4261 3052  6  0 94  0  0	
 2  0     15  62309    213    245    0    0     0     0 4321 3173  6  0 94  0  0	
 2  0     15  62309    213    245    0    0     0     0 3571 2775  6  0 94  0  0	
 2  0     15  62309    213    245    0    0     0     0 3742 2842  6  0 94  0  0	
 2  0     15  62309    213    245    0    0     0     3 3379 2585  6  0 94  0  0	
 2  0     15  62309    213    245    0    0     0     0 3051 2444  6  0 94  0  0	
 2  0     15  62309    213    245    0    0     0     0 3352 2818  6  0 94  0  0	
 2  0     15  62309    213    245    0    0     0     0 4252 3029  6  0 94  0  0	
 3  0     15  62309    213    245    0    0     0     0 3736 3094  6  0 94  0  0	
 2  0     15  62309    213    245    0    0     0     0 4108 3099  6  0 94  0  0	
 2  0     15  62309    213    245    0    0     0     0 3493 2638  6  0 94  0  0	
 2  0     15  62309    213    245    0    0     0     0 4132 3239  6  0 94  0  0	
 2  0     15  62309    213    246    0    0     0     1 3673 2925  6  0 94  0  0	
 2  0     15  62309    213    246    0    0     0     0 3951 3204  6  0 94  0  0	
 2  0     15  62309    213    246    0    0     0     0 4252 3042  6  0 94  0  0	
 2  0     15  62309    213    246    0    0     0     0 3614 2982  6  0 94  0  0	
 2  0     15  62309    213    246    0    0     0     0 3910 2929  6  0 94  0  0	
procs -----------memory---------- ---swap-- -----io---- --system-- -----cpu-----
 r  b   swpd   free   buff  cache   si   so    bi    bo   in   cs us sy id wa st
 2  0     15  62309    213    246    0    0     0     0 4290 3116  6  0 94  0  0	
 3  0     15  62309    213    246    0    0     0     0 3637 2815  6  0 94  0  0	
 2  0     15  62309    213    246    0    0     0     3 4030 2834  6  0 94  0  0	
 3  0     15  62309    213    246    0    0     0     0 3842 2772  6  0 94  0  0	
 2  0     15  62309    213    246    0    0     0     0 4232 3119  6  0 94  0  0	
 3  0     15  62309    213    246    0    0     0     0 4366 3424  6  0 94  0  0	
 2  0     15  62309    213    246    0    0     0     0 4201 3039  6  0 94  0  0	
 2  0     15  62309    213    246    0    0     0     0 4155 3135  6  0 94  0  0	
 3  0     15  62309    213    246    0    0     0     0 4054 2772  6  0 94  0  0	
 2  0     15  62309    213    246    0    0     0     0 4670 3964  6  0 94  0  0	
 3  0     15  62309    213    246    0    0     0     1 4204 3077  6  0 94  0  0	
 2  0     15  62309    213    246    0    0     0     0 4512 3677  6  0 94  0  0	
 3  0     15  62309    213    246    0    0     0     0 4487 3625  6  0 94  0  0	
 2  0     15  62309    213    246    0    0     0     0 4103 2953  6  0 94  0  0	
 2  0     15  62309    213    246    0    0     0     0 3937 3125  6  0 94  0  0	
 3  0     15  62309    213    246    0    0     0     4 3928 2797  6  0 94  0  0	
 2  0     15  62309    213    246    0    0     0     0 4352 3404  6  0 94  0  0	
 2  0     15  62309    213    246    0    0     0     3 4523 3705  6  0 94  0  0	
 2  0     15  62309    213    246    0    0     0     0 4032 2655  6  0 94  0  0	
 2  0     15  62309    213    246    0    0     0     0 3145 2441  6  0 94  0  0	
 3  0     15  62309    213    246    0    0     0     0 3045 2422  6  0 94  0  0	
procs -----------memory---------- ---swap-- -----io---- --system-- -----cpu-----
 r  b   swpd   free   buff  cache   si   so    bi    bo   in   cs us sy id wa st
 2  0     15  62309    213    246    0    0     0     0 3113 2576  6  0 94  0  0	
 2  0     15  62309    213    246    0    0     0     0 3111 2485  6  0 94  0  0	
 2  0     15  62309    213    246    0    0     0     2 4309 3251  6  0 94  0  0	
 3  0     15  62309    213    246    0    0     0     0 3994 2606  6  0 94  0  0	
 2  0     15  62309    213    246    0    0     0     0 4004 2586  6  0 94  0  0	
 3  0     15  62309    213    246    0    0     0     0 4012 2596  6  0 94  0  0	
 2  0     15  62309    213    246    0    0     0     0 4016 2609  6  0 94  0  0	
 2  0     15  62309    213    246    0    0     0     0 4008 2590  6  0 94  0  0	
 2  0     15  62309    213    246    0    0     0     0 4015 2603  6  0 94  0  0	
 2  0     15  62309    213    246    0    0     0     0 4031 2619  6  0 94  0  0	
 2  0     15  62309    213    246    0    0     0     4 4042 2647  6  0 94  0  0	
 2  0     15  62309    213    246    0    0     0     0 4006 2608  6  0 94  0  0	
 3  0     15  62309    213    246    0    0     0     0 3409 2502  6  0 94  0  0	
 2  0     15  62309    213    246    0    0     0     0 3637 2675  6  0 94  0  0	
 3  0     15  62309    213    246    0    0     0     0 4141 2952  6  0 94  0  0	
 2  0     15  62309    213    246    0    0     0     0 4270 3175  6  0 94  0  0	
 2  0     15  62309    213    246    0    0     0     0 4079 2792  6  0 94  0  0	
 2  0     15  62309    213    246    0    0     0     0 4309 3251  6  0 94  0  0	
 2  0     15  62309    213    246    0    0     0     0 3883 2829  6  0 94  0  0	
 2  0     15  62309    213    246    0    0     0     2 4061 2778  6  0 94  0  0	
 2  0     15  62309    213    246    0    0     0     0 4232 3250  6  0 94  0  0	
procs -----------memory---------- ---swap-- -----io---- --system-- -----cpu-----
 r  b   swpd   free   buff  cache   si   so    bi    bo   in   cs us sy id wa st
 2  0     15  62309    213    246    0    0     0     0 4261 3173  6  0 94  0  0	
 2  0     15  62309    213    246    0    0     0     0 4277 3194  6  0 94  0  0	
 2  0     15  62309    213    246    0    0     0     0 4270 3186  6  0 94  0  0	
 3  0     15  62309    213    246    0    0     0     0 4274 3197  6  0 94  0  0	
 2  0     15  62309    213    246    0    0     0     0 3998 2625  6  0 94  0  0	
 2  0     15  62309    213    246    0    0     0     3 4233 3204  6  0 94  0  0	
 2  0     15  62309    213    246    0    0     0     0 4017 2672  6  0 94  0  0	
 2  0     15  62309    213    246    0    0     0     0 4097 2832  6  0 94  0  0	
 2  0     15  62309    213    246    0    0     0     0 4310 3257  6  0 94  0  0	
 2  0     15  62309    213    246    0    0     0     0 3973 2738  6  0 94  0  0	
 2  0     15  62309    213    246    0    0     0     0 3972 2921  6  0 94  0  0	
 2  0     15  62309    213    246    0    0     0     0 3483 2576  6  0 94  0  0	
 2  0     15  62308    213    246    0    0     0    14 4129 2915  6  0 94  0  0	
 3  0     15  62309    213    246    0    0     0     6 3712 2864  6  0 94  0  0	
 2  0     15  62309    213    246    0    0     0     0 3829 2931  6  0 94  0  0	
 3  0     15  62309    213    246    0    0     0     0 3519 2647  6  0 94  0  0	
 2  0     15  62309    213    246    0    0     0     0 3922 2932  6  0 94  0  0	
 3  0     15  62309    213    246    0    0     0     0 3605 2929  6  0 94  0  0	
 2  0     15  62309    213    246    0    0     0     0 3860 2740  6  0 94  0  0	
 3  0     15  62309    213    246    0    0     0     1 3709 2822  6  0 94  0  0	
 2  0     15  62309    213    246    0    0     0     6 4005 3019  6  0 94  0  0	
procs -----------memory---------- ---swap-- -----io---- --system-- -----cpu-----
 r  b   swpd   free   buff  cache   si   so    bi    bo   in   cs us sy id wa st
 3  0     15  62308    213    246    0    0     0     0 3477 2605  6  0 94  0  0	
 2  0     15  62308    213    246    0    0     0     0 3047 2417  6  0 94  0  0	
 2  0     15  62308    213    246    0    0     0     0 3046 2420  6  0 94  0  0	
 2  0     15  62308    213    246    0    0     0     0 3040 2429  6  0 94  0  0	
 2  0     15  62308    213    246    0    0     0     0 3032 2413  6  0 94  0  0	
 2  0     15  62308    213    246    0    0     0     0 3204 2668  6  0 94  0  0	
 2  0     15  62309    213    246    0    0     0     0 3240 2581  6  0 94  0  0	
 2  0     15  62308    213    246    0    0     0     4 3155 2481  6  0 94  0  0	
 2  0     15  62308    213    246    0    0     0     0 3605 2671  6  0 94  0  0	
 1  0     15  62482    213    246    0    0     0     0 3598 2942  5  0 94  0  0	
 1  0     15  62482    213    246    0    0     0     0 3062 2470  3  0 97  0  0	
 1  0     15  62482    213    246    0    0     0     4 3143 2628  3  0 97  0  0	
 1  0     15  62482    213    246    0    0     0     0 3086 2564  3  0 97  0  0	
 1  0     15  62482    213    246    0    0     0     0 3017 2394  3  0 97  0  0	
 1  0     15  62482    213    246    0    0     0     3 2992 2373  3  0 97  0  0	
 2  0     15  63210    213    246    0    0     0     0 4210 3825  3  0 97  0  0	
 1  0     15  63167    213    246    0    0     0    20 3514 2780  3  0 97  0  0	
 2  0     15  63168    213    246    0    0     0     0 3589 3634  3  0 97  0  0	
 1  0     15  63169    213    246    0    0     0     0 3643 3751  3  0 97  0  0	
 1  0     15  63169    213    246    0    0     0     3 2966 2383  3  0 97  0  0	
 2  0     15  63170    213    246    0    0     0     0 2984 2390  3  0 97  0  0	
procs -----------memory---------- ---swap-- -----io---- --system-- -----cpu-----
 r  b   swpd   free   buff  cache   si   so    bi    bo   in   cs us sy id wa st
 1  0     15  63207    213    246    0    0     0     0 3232 2703  3  0 97  0  0	
 1  0     15  63025    213    246    0    0     0     0 4454 3951  3  0 97  0  0	
 1  0     15  63025    213    246    0    0     0    18 2995 2411  3  0 97  0  0	
 1  0     15  63026    213    246    0    0     0    12 3225 2908  3  0 97  0  0	
 1  0     15  63026    213    246    0    0     0     0 3056 2532  3  0 97  0  0	
 1  0     15  63027    213    246    0    0     0     0 3161 2707  3  0 97  0  0	
 1  0     15  63027    213    246    0    0     0     4 3028 2460  3  0 97  0  0	
 1  0     15  63027    213    246    0    0     0     0 3004 2373  3  0 97  0  0	
 1  0     15  63027    213    246    0    0     0     3 2996 2384  3  0 97  0  0	
 1  0     15  63027    213    246    0    0     0     3 3001 2388  3  0 97  0  0	
 1  0     15  63028    213    246    0    0     0     0 3262 2944  3  0 97  0  0	
 1  0     15  63028    213    246    0    0     0     0 3393 3238  3  0 97  0  0	
 1  0     15  63028    213    246    0    0     0     0 3516 3470  3  0 97  0  0	
 1  0     15  63028    213    246    0    0     0     0 3239 2909  3  0 97  0  0	
 1  0     15  63028    213    246    0    0     0     0 3014 2423  3  0 97  0  0	
 1  0     15  63028    213    246    0    0     0     0 2967 2380  3  0 97  0  0	
 1  0     15  63028    213    246    0    0     0     0 2942 2363  3  0 97  0  0	
 1  0     15  63028    213    246    0    0     0     0 2958 2358  3  0 97  0  0	
 1  0     15  63028    213    246    0    0     0     0 3006 2389  3  0 97  0  0	
