procs -----------memory---------- ---swap-- -----io---- --system-- -----cpu-----
 r  b   swpd   free   buff  cache   si   so    bi    bo   in   cs us sy id wa st
 3  0     11  62735    246    663    0    0     0     2    0    0 33  3 64  0  0	
 1  0     11  62735    246    663    0    0     0     0 3274 2741  3  0 97  0  0	
 2  0     11  62735    246    663    0    0     0     0 3242 2811  3  0 97  0  0	
 3  0     11  62735    246    663    0    0     0    52 3268 2850  3  0 96  0  0	
 3  0     11  62737    246    663    0    0     0     0 3111 2562  3  0 97  0  0	
 1  0     11  62737    246    663    0    0     0     0 3211 2754  3  0 97  0  0	
 1  0     11  62738    246    663    0    0     0     0 3185 2655  3  0 97  0  0	
 3  0     11  62739    246    663    0    0     0     0 3156 2648  3  0 97  0  0	
 1  0     11  62739    246    663    0    0     0     0 3057 2453  3  0 97  0  0	
 1  0     11  62740    246    663    0    0     0     6 3082 2507  3  0 96  0  0	
 3  0     11  62740    246    663    0    0     0     0 3059 2457  3  0 97  0  0	
 1  0     11  62740    246    663    0    0     0     0 3070 2480  3  0 97  0  0	
 1  0     11  62740    246    663    0    0     0     0 3112 2554  3  0 97  0  0	
 2  0     11  62740    246    663    0    0     0     0 3096 2521  3  0 97  0  0	
 2  0     11  62741    246    663    0    0     0     0 3064 2465  3  0 97  0  0	
 1  0     11  62741    246    663    0    0     0     0 3072 2476  3  0 97  0  0	
 2  0     11  62741    246    663    0    0     0     0 3066 2460  3  0 97  0  0	
 1  0     11  62741    246    663    0    0     0    12 3079 2479  3  0 97  0  0	
 1  0     11  62741    246    663    0    0     0     0 3043 2438  3  0 97  0  0	
 1  0     11  62741    246    663    0    0     0     0 3034 2433  3  0 97  0  0	
 2  0     11  62741    246    663    0    0     0    52 3059 2464  3  0 97  0  0	
procs -----------memory---------- ---swap-- -----io---- --system-- -----cpu-----
 r  b   swpd   free   buff  cache   si   so    bi    bo   in   cs us sy id wa st
 2  0     11  62741    246    663    0    0     0     0 3050 2461  3  0 97  0  0	
 1  0     11  62741    246    663    0    0     0     0 3025 2421  3  0 97  0  0	
 1  0     11  62741    246    663    0    0     0     0 3074 2508  3  0 97  0  0	
 2  0     11  62741    246    663    0    0     0     0 3019 2417  3  0 97  0  0	
 1  0     11  62741    246    663    0    0     0     0 3012 2399  3  0 97  0  0	
 1  0     11  62741    246    663    0    0     0     0 3017 2405  3  0 97  0  0	
 2  0     11  62741    246    663    0    0     0     0 3021 2412  3  0 97  0  0	
 2  0     11  62741    246    663    0    0     0     0 3020 2409  3  0 97  0  0	
 1  0     11  62741    246    663    0    0     0     0 3028 2434  3  0 97  0  0	
 1  0     11  62741    246    663    0    0     0     0 3012 2405  3  0 97  0  0	
 2  0     11  62741    246    663    0    0     0     0 3053 2465  3  0 97  0  0	
 1  0     11  62741    246    663    0    0     0     0 3042 2443  3  0 97  0  0	
 1  0     11  62741    246    663    0    0     0     0 3062 2463  3  0 97  0  0	
 1  0     11  62741    246    663    0    0     0     0 3080 2517  3  0 97  0  0	
 2  0     11  62741    246    663    0    0     0     0 3052 2483  3  0 97  0  0	
 1  0     11  62741    246    663    0    0     0     0 3065 2464  3  0 97  0  0	
 1  0     11  62741    246    663    0    0     0    12 3047 2452  3  0 97  0  0	
 2  0     11  62741    246    663    0    0     0     0 3034 2427  3  0 97  0  0	
 1  0     11  62741    246    663    0    0     0     6 3040 2454  3  0 97  0  0	
 1  0     11  62741    246    663    0    0     0     0 3085 2513  3  0 97  0  0	
 2  0     11  62741    246    663    0    0     0     0 3052 2473  3  0 97  0  0	
procs -----------memory---------- ---swap-- -----io---- --system-- -----cpu-----
 r  b   swpd   free   buff  cache   si   so    bi    bo   in   cs us sy id wa st
 2  0     11  62741    246    663    0    0     0     0 3039 2435  3  0 97  0  0	
 1  0     11  62741    246    663    0    0     0     0 3046 2460  3  0 97  0  0	
 1  0     11  62741    246    663    0    0     0     8 3073 2507  3  0 96  0  0	
 2  0     11  62741    246    663    0    0     0     0 3032 2437  3  0 97  0  0	
 2  0     11  62741    246    663    0    0     0     0 3076 2501  3  0 97  0  0	
 1  0     11  62741    246    663    0    0     0     0 3056 2470  3  0 97  0  0	
 1  0     11  62741    246    663    0    0     0     0 3023 2411  3  0 97  0  0	
 2  0     11  62741    246    663    0    0     0     0 3037 2439  3  0 97  0  0	
 1  0     11  62741    246    663    0    0     0     0 3032 2441  3  0 97  0  0	
 1  0     11  62741    246    663    0    0     0     0 3044 2449  3  0 97  0  0	
 1  0     11  62741    246    663    0    0     0     0 3034 2433  3  0 97  0  0	
 2  0     11  62741    246    663    0    0     0     0 3049 2471  3  0 97  0  0	
 1  0     11  62741    246    663    0    0     0     0 3073 2511  3  0 97  0  0	
 1  0     11  62741    246    664    0    0     0     2 3040 2429  3  0 97  0  0	
 2  0     11  62741    246    664    0    0     0     0 3028 2427  3  0 97  0  0	
 1  0     11  62741    246    664    0    0     0     0 3038 2443  3  0 97  0  0	
 1  0     11  62741    246    664    0    0     0     0 3033 2434  3  0 97  0  0	
 2  0     11  62741    246    664    0    0     0     0 3069 2506  3  0 97  0  0	
 2  0     11  62741    246    664    0    0     0     0 3032 2432  3  0 97  0  0	
 1  0     11  62741    246    664    0    0     0     0 3058 2457  3  0 97  0  0	
 1  0     11  62741    246    664    0    0     0     0 3047 2454  3  0 97  0  0	
procs -----------memory---------- ---swap-- -----io---- --system-- -----cpu-----
 r  b   swpd   free   buff  cache   si   so    bi    bo   in   cs us sy id wa st
 2  0     11  62741    246    664    0    0     0     0 3036 2431  3  0 97  0  0	
 2  0     11  62741    246    664    0    0     0     0 3027 2438  3  0 97  0  0	
 1  0     11  62741    246    664    0    0     0     0 3053 2473  3  0 97  0  0	
 2  0     11  62741    246    664    0    0     0     0 3072 2484  3  0 97  0  0	
 2  0     11  62741    246    664    0    0     0    12 3047 2463  3  0 96  0  0	
 1  0     11  62741    246    664    0    0     0     0 3045 2455  3  0 97  0  0	
 1  0     11  62741    246    664    0    0     0     0 3054 2484  3  0 97  0  0	
 2  0     11  62741    246    664    0    0     0     0 3038 2443  3  0 97  0  0	
 1  0     11  62741    246    664    0    0     0     0 3066 2511  3  0 97  0  0	
 1  0     11  62741    246    664    0    0     0     0 3032 2430  3  0 97  0  0	
 1  0     11  62741    246    664    0    0     0     0 3035 2437  3  0 97  0  0	
 2  0     11  62741    246    664    0    0     0     0 3057 2475  3  0 97  0  0	
 1  0     11  62741    246    664    0    0     0     0 3045 2463  3  0 97  0  0	
 1  0     11  62741    246    664    0    0     0     0 3065 2490  3  0 97  0  0	
 2  0     11  62741    246    664    0    0     0     0 3060 2477  3  0 97  0  0	
 1  0     11  62741    246    664    0    0     0     0 3036 2415  3  0 97  0  0	
 1  0     11  62741    246    664    0    0     0     0 3027 2420  3  0 97  0  0	
 1  0     11  62741    246    664    0    0     0     0 3011 2405  3  0 97  0  0	
 2  0     11  62741    246    664    0    0     0     0 3021 2416  3  0 97  0  0	
 2  0     11  62741    246    664    0    0     0     0 3018 2410  3  0 97  0  0	
 1  0     11  62741    246    664    0    0     0     0 3030 2442  3  0 97  0  0	
procs -----------memory---------- ---swap-- -----io---- --system-- -----cpu-----
 r  b   swpd   free   buff  cache   si   so    bi    bo   in   cs us sy id wa st
 1  0     11  62741    246    664    0    0     0     0 3021 2412  3  0 97  0  0	
 2  0     11  62741    246    664    0    0     0     6 3059 2464  3  0 97  0  0	
 1  0     11  62741    246    664    0    0     0     0 3018 2412  3  0 97  0  0	
 1  0     11  62741    246    664    0    0     0     0 3022 2407  3  0 97  0  0	
 1  0     11  62741    246    664    0    0     0     0 3016 2409  3  0 97  0  0	
 1  0     11  62741    246    664    0    0     0     0 3032 2444  3  0 97  0  0	
