Linux 2.6.32-279.14.1.el6.x86_64 (compute-641-14.local) 	04/20/20 	_x86_64_	(32 CPU)

20:05:39     CPU    %usr   %nice    %sys %iowait    %irq   %soft  %steal  %guest   %idle
20:05:40     all   81.81    0.00    1.25    0.00    0.00    0.00    0.00    0.00   16.94
20:05:40       0   87.00    0.00    2.00    0.00    0.00    0.00    0.00    0.00   11.00
20:05:40       1   82.35    0.00    1.96    0.00    0.00    0.00    0.00    0.00   15.69
20:05:40       2   83.00    0.00    1.00    0.00    0.00    0.00    0.00    0.00   16.00
20:05:40       3   84.00    0.00    1.00    0.00    0.00    0.00    0.00    0.00   15.00
20:05:40       4   74.00    0.00    1.00    0.00    0.00    0.00    0.00    0.00   25.00
20:05:40       5   85.00    0.00    0.00    0.00    0.00    0.00    0.00    0.00   15.00
20:05:40       6   87.00    0.00    1.00    0.00    0.00    0.00    0.00    0.00   12.00
20:05:40       7   88.89    0.00    1.01    0.00    0.00    0.00    0.00    0.00   10.10
20:05:40       8   85.86    0.00    2.02    0.00    0.00    0.00    0.00    0.00   12.12
20:05:40       9   79.80    0.00    1.01    0.00    0.00    0.00    0.00    0.00   19.19
20:05:40      10   81.82    0.00    1.01    0.00    0.00    0.00    0.00    0.00   17.17
20:05:40      11   71.72    0.00    1.01    0.00    0.00    0.00    0.00    0.00   27.27
20:05:40      12   84.16    0.00    0.99    0.00    0.00    0.00    0.00    0.00   14.85
20:05:40      13   81.00    0.00    1.00    0.00    0.00    0.00    0.00    0.00   18.00
20:05:40      14   83.84    0.00    1.01    0.00    0.00    0.00    0.00    0.00   15.15
20:05:40      15   91.00    0.00    1.00    0.00    0.00    0.00    0.00    0.00    8.00
20:05:40      16   75.25    0.00    0.99    0.00    0.00    0.00    0.00    0.00   23.76
20:05:40      17   82.83    0.00    3.03    0.00    0.00    0.00    0.00    0.00   14.14
20:05:40      18   81.82    0.00    1.01    0.00    0.00    0.00    0.00    0.00   17.17
20:05:40      19   84.00    0.00    1.00    0.00    0.00    0.00    0.00    0.00   15.00
20:05:40      20   79.00    0.00    1.00    0.00    0.00    0.00    0.00    0.00   20.00
20:05:40      21   79.00    0.00    1.00    0.00    0.00    0.00    0.00    0.00   20.00
20:05:40      22   82.83    0.00    1.01    0.00    0.00    0.00    0.00    0.00   16.16
20:05:40      23   86.00    0.00    1.00    0.00    0.00    0.00    0.00    0.00   13.00
20:05:40      24   81.82    0.00    1.01    0.00    0.00    0.00    0.00    0.00   17.17
20:05:40      25   76.77    0.00    1.01    0.00    0.00    0.00    0.00    0.00   22.22
20:05:40      26   80.00    0.00    1.00    0.00    0.00    0.00    0.00    0.00   19.00
20:05:40      27   83.84    0.00    0.00    0.00    0.00    0.00    0.00    0.00   16.16
20:05:40      28   82.83    0.00    1.01    0.00    0.00    0.00    0.00    0.00   16.16
20:05:40      29   77.78    0.00    2.02    0.00    0.00    0.00    0.00    0.00   20.20
20:05:40      30   78.00    0.00    1.00    0.00    0.00    0.00    0.00    0.00   21.00
20:05:40      31   80.81    0.00    1.01    0.00    0.00    0.00    0.00    0.00   18.18

20:05:40     CPU    %usr   %nice    %sys %iowait    %irq   %soft  %steal  %guest   %idle
20:05:41     all   80.24    0.00    0.13    0.00    0.00    0.00    0.00    0.00   19.64
20:05:41       0   84.85    0.00    0.00    0.00    0.00    0.00    0.00    0.00   15.15
20:05:41       1   86.00    0.00    0.00    0.00    0.00    0.00    0.00    0.00   14.00
20:05:41       2   80.00    0.00    0.00    0.00    0.00    0.00    0.00    0.00   20.00
20:05:41       3   80.00    0.00    0.00    0.00    0.00    0.00    0.00    0.00   20.00
20:05:41       4   86.14    0.00    0.00    0.00    0.00    0.00    0.00    0.00   13.86
20:05:41       5   78.00    0.00    1.00    0.00    0.00    0.00    0.00    0.00   21.00
20:05:41       6   78.79    0.00    0.00    0.00    0.00    0.00    0.00    0.00   21.21
20:05:41       7   70.00    0.00    0.00    0.00    0.00    0.00    0.00    0.00   30.00
20:05:41       8   84.16    0.00    0.00    0.00    0.00    0.00    0.00    0.00   15.84
20:05:41       9   81.00    0.00    0.00    0.00    0.00    0.00    0.00    0.00   19.00
20:05:41      10   73.00    0.00    0.00    0.00    0.00    0.00    0.00    0.00   27.00
20:05:41      11   84.16    0.00    0.00    0.00    0.00    0.00    0.00    0.00   15.84
20:05:41      12   80.81    0.00    0.00    0.00    0.00    0.00    0.00    0.00   19.19
20:05:41      13   85.00    0.00    0.00    0.00    0.00    0.00    0.00    0.00   15.00
20:05:41      14   84.00    0.00    0.00    0.00    0.00    0.00    0.00    0.00   16.00
20:05:41      15   72.00    0.00    0.00    0.00    0.00    0.00    0.00    0.00   28.00
20:05:41      16   79.21    0.00    0.99    0.00    0.00    0.00    0.00    0.00   19.80
20:05:41      17   84.31    0.00    0.98    0.00    0.00    0.00    0.00    0.00   14.71
20:05:41      18   76.77    0.00    0.00    0.00    0.00    0.00    0.00    0.00   23.23
20:05:41      19   80.00    0.00    0.00    0.00    0.00    0.00    0.00    0.00   20.00
20:05:41      20   82.00    0.00    0.00    0.00    0.00    0.00    0.00    0.00   18.00
20:05:41      21   80.00    0.00    0.00    0.00    0.00    0.00    0.00    0.00   20.00
20:05:41      22   74.75    0.00    0.00    0.00    0.00    0.00    0.00    0.00   25.25
20:05:41      23   78.00    0.00    0.00    0.00    0.00    0.00    0.00    0.00   22.00
20:05:41      24   86.14    0.00    0.00    0.00    0.00    0.00    0.00    0.00   13.86
20:05:41      25   79.00    0.00    0.00    0.00    0.00    0.00    0.00    0.00   21.00
20:05:41      26   77.23    0.00    0.00    0.00    0.00    0.00    0.00    0.00   22.77
20:05:41      27   81.19    0.00    0.99    0.00    0.00    0.00    0.00    0.00   17.82
20:05:41      28   76.24    0.00    0.00    0.00    0.00    0.00    0.00    0.00   23.76
20:05:41      29   80.81    0.00    0.00    0.00    0.00    0.00    0.00    0.00   19.19
20:05:41      30   80.20    0.00    0.99    0.00    0.00    0.00    0.00    0.00   18.81
20:05:41      31   81.19    0.00    0.00    0.00    0.00    0.00    0.00    0.00   18.81

20:05:41     CPU    %usr   %nice    %sys %iowait    %irq   %soft  %steal  %guest   %idle
20:05:42     all   84.05    0.00    0.06    0.00    0.00    0.00    0.00    0.00   15.89
20:05:42       0   88.78    0.00    0.00    0.00    0.00    0.00    0.00    0.00   11.22
20:05:42       1   89.80    0.00    0.00    0.00    0.00    0.00    0.00    0.00   10.20
20:05:42       2   84.00    0.00    0.00    0.00    0.00    0.00    0.00    0.00   16.00
20:05:42       3   82.18    0.00    0.99    0.00    0.00    0.00    0.00    0.00   16.83
20:05:42       4   85.86    0.00    0.00    0.00    0.00    0.00    0.00    0.00   14.14
20:05:42       5   87.00    0.00    0.00    0.00    0.00    0.00    0.00    0.00   13.00
20:05:42       6   86.14    0.00    0.99    0.00    0.00    0.00    0.00    0.00   12.87
20:05:42       7   85.15    0.00    0.00    0.00    0.00    0.00    0.00    0.00   14.85
20:05:42       8   83.84    0.00    0.00    0.00    0.00    0.00    0.00    0.00   16.16
20:05:42       9   74.26    0.00    0.00    0.00    0.00    0.00    0.00    0.00   25.74
20:05:42      10   81.82    0.00    0.00    0.00    0.00    0.00    0.00    0.00   18.18
20:05:42      11   88.89    0.00    0.00    0.00    0.00    0.00    0.00    0.00   11.11
20:05:42      12   84.00    0.00    0.00    0.00    0.00    0.00    0.00    0.00   16.00
20:05:42      13   78.00    0.00    0.00    0.00    0.00    0.00    0.00    0.00   22.00
20:05:42      14   87.00    0.00    0.00    0.00    0.00    0.00    0.00    0.00   13.00
20:05:42      15   87.88    0.00    0.00    0.00    0.00    0.00    0.00    0.00   12.12
20:05:42      16   85.00    0.00    0.00    0.00    0.00    0.00    0.00    0.00   15.00
20:05:42      17   83.00    0.00    0.00    0.00    0.00    0.00    0.00    0.00   17.00
20:05:42      18   85.00    0.00    0.00    0.00    0.00    0.00    0.00    0.00   15.00
20:05:42      19   81.82    0.00    0.00    0.00    0.00    0.00    0.00    0.00   18.18
20:05:42      20   84.00    0.00    0.00    0.00    0.00    0.00    0.00    0.00   16.00
20:05:42      21   80.20    0.00    0.99    0.00    0.00    0.00    0.00    0.00   18.81
20:05:42      22   87.00    0.00    0.00    0.00    0.00    0.00    0.00    0.00   13.00
20:05:42      23   86.87    0.00    0.00    0.00    0.00    0.00    0.00    0.00   13.13
20:05:42      24   83.84    0.00    0.00    0.00    0.00    0.00    0.00    0.00   16.16
20:05:42      25   78.00    0.00    0.00    0.00    0.00    0.00    0.00    0.00   22.00
20:05:42      26   82.83    0.00    0.00    0.00    0.00    0.00    0.00    0.00   17.17
20:05:42      27   86.14    0.00    0.00    0.00    0.00    0.00    0.00    0.00   13.86
20:05:42      28   87.00    0.00    1.00    0.00    0.00    0.00    0.00    0.00   12.00
20:05:42      29   78.43    0.00    0.00    0.00    0.00    0.00    0.00    0.00   21.57
20:05:42      30   81.00    0.00    0.00    0.00    0.00    0.00    0.00    0.00   19.00
20:05:42      31   84.00    0.00    0.00    0.00    0.00    0.00    0.00    0.00   16.00

20:05:42     CPU    %usr   %nice    %sys %iowait    %irq   %soft  %steal  %guest   %idle
20:05:43     all   81.39    0.00    0.09    0.00    0.00    0.00    0.00    0.00   18.52
20:05:43       0   88.89    0.00    0.00    0.00    0.00    0.00    0.00    0.00   11.11
20:05:43       1   82.00    0.00    0.00    0.00    0.00    0.00    0.00    0.00   18.00
20:05:43       2   83.00    0.00    1.00    0.00    0.00    0.00    0.00    0.00   16.00
20:05:43       3   85.86    0.00    0.00    0.00    0.00    0.00    0.00    0.00   14.14
20:05:43       4   78.22    0.00    0.99    0.00    0.00    0.00    0.00    0.00   20.79
20:05:43       5   80.00    0.00    0.00    0.00    0.00    0.00    0.00    0.00   20.00
20:05:43       6   83.00    0.00    0.00    0.00    0.00    0.00    0.00    0.00   17.00
20:05:43       7   79.80    0.00    0.00    0.00    0.00    0.00    0.00    0.00   20.20
20:05:43       8   88.00    0.00    0.00    0.00    0.00    0.00    0.00    0.00   12.00
20:05:43       9   86.87    0.00    0.00    0.00    0.00    0.00    0.00    0.00   13.13
20:05:43      10   79.00    0.00    0.00    0.00    0.00    0.00    0.00    0.00   21.00
20:05:43      11   82.00    0.00    0.00    0.00    0.00    0.00    0.00    0.00   18.00
20:05:43      12   76.00    0.00    0.00    0.00    0.00    0.00    0.00    0.00   24.00
20:05:43      13   79.00    0.00    0.00    0.00    0.00    0.00    0.00    0.00   21.00
20:05:43      14   77.00    0.00    1.00    0.00    0.00    0.00    0.00    0.00   22.00
20:05:43      15   79.00    0.00    0.00    0.00    0.00    0.00    0.00    0.00   21.00
20:05:43      16   74.00    0.00    0.00    0.00    0.00    0.00    0.00    0.00   26.00
20:05:43      17   81.82    0.00    0.00    0.00    0.00    0.00    0.00    0.00   18.18
20:05:43      18   86.00    0.00    1.00    0.00    0.00    0.00    0.00    0.00   13.00
20:05:43      19   86.00    0.00    0.00    0.00    0.00    0.00    0.00    0.00   14.00
20:05:43      20   83.00    0.00    0.00    0.00    0.00    0.00    0.00    0.00   17.00
20:05:43      21   86.00    0.00    0.00    0.00    0.00    0.00    0.00    0.00   14.00
20:05:43      22   79.00    0.00    0.00    0.00    0.00    0.00    0.00    0.00   21.00
20:05:43      23   78.22    0.00    0.00    0.00    0.00    0.00    0.00    0.00   21.78
20:05:43      24   86.00    0.00    0.00    0.00    0.00    0.00    0.00    0.00   14.00
20:05:43      25   75.25    0.00    0.00    0.00    0.00    0.00    0.00    0.00   24.75
20:05:43      26   74.26    0.00    0.00    0.00    0.00    0.00    0.00    0.00   25.74
20:05:43      27   80.81    0.00    0.00    0.00    0.00    0.00    0.00    0.00   19.19
20:05:43      28   80.00    0.00    0.00    0.00    0.00    0.00    0.00    0.00   20.00
20:05:43      29   81.82    0.00    0.00    0.00    0.00    0.00    0.00    0.00   18.18
20:05:43      30   81.00    0.00    0.00    0.00    0.00    0.00    0.00    0.00   19.00
20:05:43      31   82.83    0.00    0.00    0.00    0.00    0.00    0.00    0.00   17.17

20:05:43     CPU    %usr   %nice    %sys %iowait    %irq   %soft  %steal  %guest   %idle
20:05:44     all   82.68    0.00    0.13    0.00    0.00    0.00    0.00    0.00   17.19
20:05:44       0   89.90    0.00    0.00    0.00    0.00    0.00    0.00    0.00   10.10
20:05:44       1   80.00    0.00    0.00    0.00    0.00    0.00    0.00    0.00   20.00
20:05:44       2   85.00    0.00    0.00    0.00    0.00    0.00    0.00    0.00   15.00
20:05:44       3   81.00    0.00    0.00    0.00    0.00    0.00    0.00    0.00   19.00
20:05:44       4   74.75    0.00    0.00    0.00    0.00    0.00    0.00    0.00   25.25
20:05:44       5   87.00    0.00    0.00    0.00    0.00    0.00    0.00    0.00   13.00
20:05:44       6   80.81    0.00    0.00    0.00    0.00    0.00    0.00    0.00   19.19
20:05:44       7   88.89    0.00    0.00    0.00    0.00    0.00    0.00    0.00   11.11
20:05:44       8   90.00    0.00    0.00    0.00    0.00    0.00    0.00    0.00   10.00
20:05:44       9   81.82    0.00    0.00    0.00    0.00    0.00    0.00    0.00   18.18
20:05:44      10   80.00    0.00    1.00    0.00    0.00    0.00    0.00    0.00   19.00
20:05:44      11   81.00    0.00    0.00    0.00    0.00    0.00    0.00    0.00   19.00
20:05:44      12   73.74    0.00    0.00    0.00    0.00    0.00    0.00    0.00   26.26
20:05:44      13   84.85    0.00    0.00    0.00    0.00    0.00    0.00    0.00   15.15
20:05:44      14   85.00    0.00    0.00    0.00    0.00    0.00    0.00    0.00   15.00
20:05:44      15   77.00    0.00    0.00    0.00    0.00    0.00    0.00    0.00   23.00
20:05:44      16   79.00    0.00    0.00    0.00    0.00    0.00    0.00    0.00   21.00
20:05:44      17   87.88    0.00    0.00    0.00    0.00    0.00    0.00    0.00   12.12
20:05:44      18   80.20    0.00    0.99    0.00    0.00    0.00    0.00    0.00   18.81
20:05:44      19   81.82    0.00    0.00    0.00    0.00    0.00    0.00    0.00   18.18
20:05:44      20   88.89    0.00    0.00    0.00    0.00    0.00    0.00    0.00   11.11
20:05:44      21   86.87    0.00    0.00    0.00    0.00    0.00    0.00    0.00   13.13
20:05:44      22   81.19    0.00    0.00    0.00    0.00    0.00    0.00    0.00   18.81
20:05:44      23   80.81    0.00    0.00    0.00    0.00    0.00    0.00    0.00   19.19
20:05:44      24   89.00    0.00    0.00    0.00    0.00    0.00    0.00    0.00   11.00
20:05:44      25   83.00    0.00    0.00    0.00    0.00    0.00    0.00    0.00   17.00
20:05:44      26   70.71    0.00    0.00    0.00    0.00    0.00    0.00    0.00   29.29
20:05:44      27   87.00    0.00    0.00    0.00    0.00    0.00    0.00    0.00   13.00
20:05:44      28   76.77    0.00    0.00    0.00    0.00    0.00    0.00    0.00   23.23
20:05:44      29   84.00    0.00    0.00    0.00    0.00    0.00    0.00    0.00   16.00
20:05:44      30   89.00    0.00    0.00    0.00    0.00    0.00    0.00    0.00   11.00
20:05:44      31   83.17    0.00    0.00    0.00    0.00    0.00    0.00    0.00   16.83

20:05:44     CPU    %usr   %nice    %sys %iowait    %irq   %soft  %steal  %guest   %idle
20:05:45     all   81.29    0.00    0.09    0.00    0.00    0.00    0.00    0.00   18.61
20:05:45       0   85.00    0.00    0.00    0.00    0.00    0.00    0.00    0.00   15.00
20:05:45       1   81.00    0.00    0.00    0.00    0.00    0.00    0.00    0.00   19.00
20:05:45       2   77.78    0.00    0.00    0.00    0.00    0.00    0.00    0.00   22.22
20:05:45       3   82.83    0.00    0.00    0.00    0.00    0.00    0.00    0.00   17.17
20:05:45       4   86.14    0.00    0.00    0.00    0.00    0.00    0.00    0.00   13.86
20:05:45       5   79.00    0.00    0.00    0.00    0.00    0.00    0.00    0.00   21.00
20:05:45       6   79.00    0.00    0.00    0.00    0.00    0.00    0.00    0.00   21.00
20:05:45       7   75.00    0.00    0.00    0.00    0.00    0.00    0.00    0.00   25.00
20:05:45       8   88.00    0.00    0.00    0.00    0.00    0.00    0.00    0.00   12.00
20:05:45       9   83.00    0.00    0.00    0.00    0.00    0.00    0.00    0.00   17.00
20:05:45      10   78.00    0.00    0.00    0.00    0.00    0.00    0.00    0.00   22.00
20:05:45      11   86.87    0.00    0.00    0.00    0.00    0.00    0.00    0.00   13.13
20:05:45      12   76.00    0.00    0.00    0.00    0.00    0.00    0.00    0.00   24.00
20:05:45      13   86.14    0.00    0.00    0.00    0.00    0.00    0.00    0.00   13.86
20:05:45      14   85.00    0.00    0.00    0.00    0.00    0.00    0.00    0.00   15.00
20:05:45      15   79.80    0.00    0.00    0.00    0.00    0.00    0.00    0.00   20.20
20:05:45      16   76.00    0.00    0.00    0.00    0.00    0.00    0.00    0.00   24.00
20:05:45      17   81.00    0.00    0.00    0.00    0.00    0.00    0.00    0.00   19.00
20:05:45      18   77.00    0.00    0.00    0.00    0.00    0.00    0.00    0.00   23.00
20:05:45      19   76.00    0.00    1.00    0.00    0.00    0.00    0.00    0.00   23.00
20:05:45      20   81.00    0.00    0.00    0.00    0.00    0.00    0.00    0.00   19.00
20:05:45      21   82.18    0.00    0.00    0.00    0.00    0.00    0.00    0.00   17.82
20:05:45      22   76.77    0.00    0.00    0.00    0.00    0.00    0.00    0.00   23.23
20:05:45      23   74.26    0.00    0.00    0.00    0.00    0.00    0.00    0.00   25.74
20:05:45      24   85.86    0.00    0.00    0.00    0.00    0.00    0.00    0.00   14.14
20:05:45      25   80.81    0.00    0.00    0.00    0.00    0.00    0.00    0.00   19.19
20:05:45      26   82.00    0.00    0.00    0.00    0.00    0.00    0.00    0.00   18.00
20:05:45      27   79.00    0.00    0.00    0.00    0.00    0.00    0.00    0.00   21.00
20:05:45      28   90.00    0.00    0.00    0.00    0.00    0.00    0.00    0.00   10.00
20:05:45      29   80.20    0.00    0.00    0.00    0.00    0.00    0.00    0.00   19.80
20:05:45      30   82.00    0.00    0.00    0.00    0.00    0.00    0.00    0.00   18.00
20:05:45      31   87.88    0.00    0.00    0.00    0.00    0.00    0.00    0.00   12.12

20:05:45     CPU    %usr   %nice    %sys %iowait    %irq   %soft  %steal  %guest   %idle
20:05:46     all   80.66    0.00    0.09    0.00    0.00    0.00    0.00    0.00   19.25
20:05:46       0   89.00    0.00    1.00    0.00    0.00    0.00    0.00    0.00   10.00
20:05:46       1   81.00    0.00    0.00    0.00    0.00    0.00    0.00    0.00   19.00
20:05:46       2   84.16    0.00    0.00    0.00    0.00    0.00    0.00    0.00   15.84
20:05:46       3   83.17    0.00    0.00    0.00    0.00    0.00    0.00    0.00   16.83
20:05:46       4   75.76    0.00    0.00    0.00    0.00    0.00    0.00    0.00   24.24
20:05:46       5   83.84    0.00    0.00    0.00    0.00    0.00    0.00    0.00   16.16
20:05:46       6   78.00    0.00    0.00    0.00    0.00    0.00    0.00    0.00   22.00
20:05:46       7   74.00    0.00    0.00    0.00    0.00    0.00    0.00    0.00   26.00
20:05:46       8   85.00    0.00    0.00    0.00    0.00    0.00    0.00    0.00   15.00
20:05:46       9   83.33    0.00    0.98    0.00    0.00    0.00    0.00    0.00   15.69
20:05:46      10   80.00    0.00    0.00    0.00    0.00    0.00    0.00    0.00   20.00
20:05:46      11   87.13    0.00    0.00    0.00    0.00    0.00    0.00    0.00   12.87
20:05:46      12   79.00    0.00    0.00    0.00    0.00    0.00    0.00    0.00   21.00
20:05:46      13   74.75    0.00    0.00    0.00    0.00    0.00    0.00    0.00   25.25
20:05:46      14   79.80    0.00    0.00    0.00    0.00    0.00    0.00    0.00   20.20
20:05:46      15   78.00    0.00    0.00    0.00    0.00    0.00    0.00    0.00   22.00
20:05:46      16   84.00    0.00    0.00    0.00    0.00    0.00    0.00    0.00   16.00
20:05:46      17   82.18    0.00    0.00    0.00    0.00    0.00    0.00    0.00   17.82
20:05:46      18   91.00    0.00    0.00    0.00    0.00    0.00    0.00    0.00    9.00
20:05:46      19   86.00    0.00    0.00    0.00    0.00    0.00    0.00    0.00   14.00
20:05:46      20   80.20    0.00    0.99    0.00    0.00    0.00    0.00    0.00   18.81
20:05:46      21   81.00    0.00    0.00    0.00    0.00    0.00    0.00    0.00   19.00
20:05:46      22   81.00    0.00    0.00    0.00    0.00    0.00    0.00    0.00   19.00
20:05:46      23   73.74    0.00    0.00    0.00    0.00    0.00    0.00    0.00   26.26
20:05:46      24   83.00    0.00    0.00    0.00    0.00    0.00    0.00    0.00   17.00
20:05:46      25   74.00    0.00    0.00    0.00    0.00    0.00    0.00    0.00   26.00
20:05:46      26   74.75    0.00    0.00    0.00    0.00    0.00    0.00    0.00   25.25
20:05:46      27   87.00    0.00    0.00    0.00    0.00    0.00    0.00    0.00   13.00
20:05:46      28   77.00    0.00    0.00    0.00    0.00    0.00    0.00    0.00   23.00
20:05:46      29   76.77    0.00    0.00    0.00    0.00    0.00    0.00    0.00   23.23
20:05:46      30   77.00    0.00    0.00    0.00    0.00    0.00    0.00    0.00   23.00
20:05:46      31   75.25    0.00    0.00    0.00    0.00    0.00    0.00    0.00   24.75

20:05:46     CPU    %usr   %nice    %sys %iowait    %irq   %soft  %steal  %guest   %idle
20:05:47     all   82.41    0.00    0.06    0.00    0.00    0.00    0.00    0.00   17.53
20:05:47       0   89.00    0.00    0.00    0.00    0.00    0.00    0.00    0.00   11.00
20:05:47       1   86.00    0.00    0.00    0.00    0.00    0.00    0.00    0.00   14.00
20:05:47       2   77.78    0.00    0.00    0.00    0.00    0.00    0.00    0.00   22.22
20:05:47       3   91.00    0.00    0.00    0.00    0.00    0.00    0.00    0.00    9.00
20:05:47       4   82.18    0.00    0.00    0.00    0.00    0.00    0.00    0.00   17.82
20:05:47       5   79.00    0.00    0.00    0.00    0.00    0.00    0.00    0.00   21.00
20:05:47       6   88.12    0.00    0.00    0.00    0.00    0.00    0.00    0.00   11.88
20:05:47       7   83.17    0.00    0.99    0.00    0.00    0.00    0.00    0.00   15.84
20:05:47       8   80.20    0.00    0.99    0.00    0.00    0.00    0.00    0.00   18.81
20:05:47       9   84.00    0.00    0.00    0.00    0.00    0.00    0.00    0.00   16.00
20:05:47      10   85.00    0.00    0.00    0.00    0.00    0.00    0.00    0.00   15.00
20:05:47      11   82.00    0.00    0.00    0.00    0.00    0.00    0.00    0.00   18.00
20:05:47      12   83.00    0.00    0.00    0.00    0.00    0.00    0.00    0.00   17.00
20:05:47      13   83.00    0.00    0.00    0.00    0.00    0.00    0.00    0.00   17.00
20:05:47      14   78.00    0.00    0.00    0.00    0.00    0.00    0.00    0.00   22.00
20:05:47      15   86.00    0.00    0.00    0.00    0.00    0.00    0.00    0.00   14.00
20:05:47      16   81.82    0.00    0.00    0.00    0.00    0.00    0.00    0.00   18.18
20:05:47      17   86.87    0.00    0.00    0.00    0.00    0.00    0.00    0.00   13.13
20:05:47      18   87.00    0.00    0.00    0.00    0.00    0.00    0.00    0.00   13.00
20:05:47      19   78.00    0.00    0.00    0.00    0.00    0.00    0.00    0.00   22.00
20:05:47      20   89.90    0.00    0.00    0.00    0.00    0.00    0.00    0.00   10.10
20:05:47      21   82.00    0.00    0.00    0.00    0.00    0.00    0.00    0.00   18.00
20:05:47      22   81.00    0.00    1.00    0.00    0.00    0.00    0.00    0.00   18.00
20:05:47      23   78.00    0.00    0.00    0.00    0.00    0.00    0.00    0.00   22.00
20:05:47      24   82.83    0.00    0.00    0.00    0.00    0.00    0.00    0.00   17.17
20:05:47      25   78.00    0.00    0.00    0.00    0.00    0.00    0.00    0.00   22.00
20:05:47      26   78.00    0.00    0.00    0.00    0.00    0.00    0.00    0.00   22.00
20:05:47      27   85.00    0.00    0.00    0.00    0.00    0.00    0.00    0.00   15.00
20:05:47      28   79.80    0.00    0.00    0.00    0.00    0.00    0.00    0.00   20.20
20:05:47      29   75.76    0.00    0.00    0.00    0.00    0.00    0.00    0.00   24.24
20:05:47      30   76.77    0.00    0.00    0.00    0.00    0.00    0.00    0.00   23.23
20:05:47      31   78.79    0.00    0.00    0.00    0.00    0.00    0.00    0.00   21.21

20:05:47     CPU    %usr   %nice    %sys %iowait    %irq   %soft  %steal  %guest   %idle
20:05:48     all   82.91    0.00    0.09    0.00    0.00    0.00    0.00    0.00   17.00
20:05:48       0   88.78    0.00    0.00    0.00    0.00    0.00    0.00    0.00   11.22
20:05:48       1   86.00    0.00    0.00    0.00    0.00    0.00    0.00    0.00   14.00
20:05:48       2   83.17    0.00    0.00    0.00    0.00    0.00    0.00    0.00   16.83
20:05:48       3   80.00    0.00    0.00    0.00    0.00    0.00    0.00    0.00   20.00
20:05:48       4   81.82    0.00    0.00    0.00    0.00    0.00    0.00    0.00   18.18
20:05:48       5   85.00    0.00    1.00    0.00    0.00    0.00    0.00    0.00   14.00
20:05:48       6   86.73    0.00    0.00    0.00    0.00    0.00    0.00    0.00   13.27
20:05:48       7   84.85    0.00    0.00    0.00    0.00    0.00    0.00    0.00   15.15
20:05:48       8   81.82    0.00    0.00    0.00    0.00    0.00    0.00    0.00   18.18
20:05:48       9   85.00    0.00    0.00    0.00    0.00    0.00    0.00    0.00   15.00
20:05:48      10   84.00    0.00    0.00    0.00    0.00    0.00    0.00    0.00   16.00
20:05:48      11   81.00    0.00    0.00    0.00    0.00    0.00    0.00    0.00   19.00
20:05:48      12   82.18    0.00    0.00    0.00    0.00    0.00    0.00    0.00   17.82
20:05:48      13   76.00    0.00    0.00    0.00    0.00    0.00    0.00    0.00   24.00
20:05:48      14   77.23    0.00    0.00    0.00    0.00    0.00    0.00    0.00   22.77
20:05:48      15   77.00    0.00    0.00    0.00    0.00    0.00    0.00    0.00   23.00
20:05:48      16   80.00    0.00    0.00    0.00    0.00    0.00    0.00    0.00   20.00
20:05:48      17   88.00    0.00    0.00    0.00    0.00    0.00    0.00    0.00   12.00
20:05:48      18   84.85    0.00    0.00    0.00    0.00    0.00    0.00    0.00   15.15
20:05:48      19   79.00    0.00    0.00    0.00    0.00    0.00    0.00    0.00   21.00
20:05:48      20   84.00    0.00    0.00    0.00    0.00    0.00    0.00    0.00   16.00
20:05:48      21   83.84    0.00    0.00    0.00    0.00    0.00    0.00    0.00   16.16
20:05:48      22   84.00    0.00    0.00    0.00    0.00    0.00    0.00    0.00   16.00
20:05:48      23   84.85    0.00    0.00    0.00    0.00    0.00    0.00    0.00   15.15
20:05:48      24   85.00    0.00    0.00    0.00    0.00    0.00    0.00    0.00   15.00
20:05:48      25   87.00    0.00    0.00    0.00    0.00    0.00    0.00    0.00   13.00
20:05:48      26   87.88    0.00    0.00    0.00    0.00    0.00    0.00    0.00   12.12
20:05:48      27   81.82    0.00    0.00    0.00    0.00    0.00    0.00    0.00   18.18
20:05:48      28   81.00    0.00    0.00    0.00    0.00    0.00    0.00    0.00   19.00
20:05:48      29   81.19    0.00    0.00    0.00    0.00    0.00    0.00    0.00   18.81
20:05:48      30   81.82    0.00    0.00    0.00    0.00    0.00    0.00    0.00   18.18
20:05:48      31   81.00    0.00    0.00    0.00    0.00    0.00    0.00    0.00   19.00

20:05:48     CPU    %usr   %nice    %sys %iowait    %irq   %soft  %steal  %guest   %idle
20:05:49     all   81.02    0.00    0.06    0.00    0.00    0.00    0.00    0.00   18.92
20:05:49       0   87.00    0.00    0.00    0.00    0.00    0.00    0.00    0.00   13.00
20:05:49       1   90.10    0.00    0.99    0.00    0.00    0.00    0.00    0.00    8.91
20:05:49       2   86.00    0.00    1.00    0.00    0.00    0.00    0.00    0.00   13.00
20:05:49       3   86.00    0.00    0.00    0.00    0.00    0.00    0.00    0.00   14.00
20:05:49       4   83.84    0.00    0.00    0.00    0.00    0.00    0.00    0.00   16.16
20:05:49       5   78.00    0.00    0.00    0.00    0.00    0.00    0.00    0.00   22.00
20:05:49       6   82.00    0.00    0.00    0.00    0.00    0.00    0.00    0.00   18.00
20:05:49       7   81.00    0.00    0.00    0.00    0.00    0.00    0.00    0.00   19.00
20:05:49       8   81.00    0.00    0.00    0.00    0.00    0.00    0.00    0.00   19.00
20:05:49       9   84.85    0.00    0.00    0.00    0.00    0.00    0.00    0.00   15.15
20:05:49      10   80.20    0.00    0.00    0.00    0.00    0.00    0.00    0.00   19.80
20:05:49      11   81.00    0.00    0.00    0.00    0.00    0.00    0.00    0.00   19.00
20:05:49      12   80.00    0.00    0.00    0.00    0.00    0.00    0.00    0.00   20.00
20:05:49      13   84.00    0.00    0.00    0.00    0.00    0.00    0.00    0.00   16.00
20:05:49      14   77.78    0.00    0.00    0.00    0.00    0.00    0.00    0.00   22.22
20:05:49      15   74.00    0.00    0.00    0.00    0.00    0.00    0.00    0.00   26.00
20:05:49      16   78.00    0.00    0.00    0.00    0.00    0.00    0.00    0.00   22.00
20:05:49      17   85.86    0.00    0.00    0.00    0.00    0.00    0.00    0.00   14.14
20:05:49      18   78.00    0.00    0.00    0.00    0.00    0.00    0.00    0.00   22.00
20:05:49      19   77.00    0.00    0.00    0.00    0.00    0.00    0.00    0.00   23.00
20:05:49      20   88.00    0.00    0.00    0.00    0.00    0.00    0.00    0.00   12.00
20:05:49      21   82.00    0.00    0.00    0.00    0.00    0.00    0.00    0.00   18.00
20:05:49      22   75.00    0.00    0.00    0.00    0.00    0.00    0.00    0.00   25.00
20:05:49      23   83.00    0.00    0.00    0.00    0.00    0.00    0.00    0.00   17.00
20:05:49      24   81.00    0.00    0.00    0.00    0.00    0.00    0.00    0.00   19.00
20:05:49      25   78.22    0.00    0.99    0.00    0.00    0.00    0.00    0.00   20.79
20:05:49      26   75.25    0.00    0.00    0.00    0.00    0.00    0.00    0.00   24.75
20:05:49      27   80.20    0.00    0.00    0.00    0.00    0.00    0.00    0.00   19.80
20:05:49      28   83.00    0.00    0.00    0.00    0.00    0.00    0.00    0.00   17.00
20:05:49      29   76.77    0.00    0.00    0.00    0.00    0.00    0.00    0.00   23.23
20:05:49      30   72.28    0.00    0.00    0.00    0.00    0.00    0.00    0.00   27.72
20:05:49      31   77.78    0.00    0.00    0.00    0.00    0.00    0.00    0.00   22.22

20:05:49     CPU    %usr   %nice    %sys %iowait    %irq   %soft  %steal  %guest   %idle
20:05:50     all   80.62    0.00    0.12    0.00    0.00    0.00    0.00    0.00   19.25
20:05:50       0   91.92    0.00    0.00    0.00    0.00    0.00    0.00    0.00    8.08
20:05:50       1   88.89    0.00    0.00    0.00    0.00    0.00    0.00    0.00   11.11
20:05:50       2   85.00    0.00    0.00    0.00    0.00    0.00    0.00    0.00   15.00
20:05:50       3   85.00    0.00    0.00    0.00    0.00    0.00    0.00    0.00   15.00
20:05:50       4   81.00    0.00    0.00    0.00    0.00    0.00    0.00    0.00   19.00
20:05:50       5   88.89    0.00    0.00    0.00    0.00    0.00    0.00    0.00   11.11
20:05:50       6   79.21    0.00    0.00    0.00    0.00    0.00    0.00    0.00   20.79
20:05:50       7   88.00    0.00    0.00    0.00    0.00    0.00    0.00    0.00   12.00
20:05:50       8   85.00    0.00    0.00    0.00    0.00    0.00    0.00    0.00   15.00
20:05:50       9   82.83    0.00    0.00    0.00    0.00    0.00    0.00    0.00   17.17
20:05:50      10   79.80    0.00    0.00    0.00    0.00    0.00    0.00    0.00   20.20
20:05:50      11   80.00    0.00    0.00    0.00    0.00    0.00    0.00    0.00   20.00
20:05:50      12   82.83    0.00    0.00    0.00    0.00    0.00    0.00    0.00   17.17
20:05:50      13   80.00    0.00    0.00    0.00    0.00    0.00    0.00    0.00   20.00
20:05:50      14   77.78    0.00    0.00    0.00    0.00    0.00    0.00    0.00   22.22
20:05:50      15   68.00    0.00    1.00    0.00    0.00    0.00    0.00    0.00   31.00
20:05:50      16   81.00    0.00    0.00    0.00    0.00    0.00    0.00    0.00   19.00
20:05:50      17   82.18    0.00    0.99    0.00    0.00    0.00    0.00    0.00   16.83
20:05:50      18   85.00    0.00    0.00    0.00    0.00    0.00    0.00    0.00   15.00
20:05:50      19   83.00    0.00    0.00    0.00    0.00    0.00    0.00    0.00   17.00
20:05:50      20   78.00    0.00    0.00    0.00    0.00    0.00    0.00    0.00   22.00
20:05:50      21   78.00    0.00    1.00    0.00    0.00    0.00    0.00    0.00   21.00
20:05:50      22   81.00    0.00    0.00    0.00    0.00    0.00    0.00    0.00   19.00
20:05:50      23   83.00    0.00    0.00    0.00    0.00    0.00    0.00    0.00   17.00
20:05:50      24   75.00    0.00    0.00    0.00    0.00    0.00    0.00    0.00   25.00
20:05:50      25   80.81    0.00    0.00    0.00    0.00    0.00    0.00    0.00   19.19
20:05:50      26   74.00    0.00    0.00    0.00    0.00    0.00    0.00    0.00   26.00
20:05:50      27   75.76    0.00    0.00    0.00    0.00    0.00    0.00    0.00   24.24
20:05:50      28   72.00    0.00    0.00    0.00    0.00    0.00    0.00    0.00   28.00
20:05:50      29   81.19    0.00    0.99    0.00    0.00    0.00    0.00    0.00   17.82
20:05:50      30   73.00    0.00    0.00    0.00    0.00    0.00    0.00    0.00   27.00
20:05:50      31   74.26    0.00    0.99    0.00    0.00    0.00    0.00    0.00   24.75

20:05:50     CPU    %usr   %nice    %sys %iowait    %irq   %soft  %steal  %guest   %idle
20:05:51     all   82.13    0.00    0.09    0.00    0.00    0.00    0.00    0.00   17.77
20:05:51       0   93.00    0.00    0.00    0.00    0.00    0.00    0.00    0.00    7.00
20:05:51       1   87.13    0.00    0.00    0.00    0.00    0.00    0.00    0.00   12.87
20:05:51       2   86.00    0.00    0.00    0.00    0.00    0.00    0.00    0.00   14.00
20:05:51       3   91.92    0.00    0.00    0.00    0.00    0.00    0.00    0.00    8.08
20:05:51       4   84.00    0.00    0.00    0.00    0.00    0.00    0.00    0.00   16.00
20:05:51       5   87.00    0.00    0.00    0.00    0.00    0.00    0.00    0.00   13.00
20:05:51       6   87.00    0.00    0.00    0.00    0.00    0.00    0.00    0.00   13.00
20:05:51       7   84.00    0.00    0.00    0.00    0.00    0.00    0.00    0.00   16.00
20:05:51       8   86.87    0.00    0.00    0.00    0.00    0.00    0.00    0.00   13.13
20:05:51       9   81.19    0.00    0.99    0.00    0.00    0.00    0.00    0.00   17.82
20:05:51      10   81.00    0.00    0.00    0.00    0.00    0.00    0.00    0.00   19.00
20:05:51      11   78.79    0.00    0.00    0.00    0.00    0.00    0.00    0.00   21.21
20:05:51      12   80.20    0.00    0.99    0.00    0.00    0.00    0.00    0.00   18.81
20:05:51      13   77.00    0.00    1.00    0.00    0.00    0.00    0.00    0.00   22.00
20:05:51      14   77.23    0.00    0.00    0.00    0.00    0.00    0.00    0.00   22.77
20:05:51      15   73.00    0.00    0.00    0.00    0.00    0.00    0.00    0.00   27.00
20:05:51      16   88.00    0.00    0.00    0.00    0.00    0.00    0.00    0.00   12.00
20:05:51      17   78.00    0.00    0.00    0.00    0.00    0.00    0.00    0.00   22.00
20:05:51      18   81.00    0.00    0.00    0.00    0.00    0.00    0.00    0.00   19.00
20:05:51      19   81.82    0.00    0.00    0.00    0.00    0.00    0.00    0.00   18.18
20:05:51      20   89.90    0.00    0.00    0.00    0.00    0.00    0.00    0.00   10.10
20:05:51      21   84.00    0.00    0.00    0.00    0.00    0.00    0.00    0.00   16.00
20:05:51      22   74.75    0.00    0.00    0.00    0.00    0.00    0.00    0.00   25.25
20:05:51      23   89.00    0.00    0.00    0.00    0.00    0.00    0.00    0.00   11.00
20:05:51      24   80.81    0.00    0.00    0.00    0.00    0.00    0.00    0.00   19.19
20:05:51      25   82.00    0.00    0.00    0.00    0.00    0.00    0.00    0.00   18.00
20:05:51      26   85.15    0.00    0.99    0.00    0.00    0.00    0.00    0.00   13.86
20:05:51      27   73.00    0.00    0.00    0.00    0.00    0.00    0.00    0.00   27.00
20:05:51      28   74.00    0.00    0.00    0.00    0.00    0.00    0.00    0.00   26.00
20:05:51      29   77.00    0.00    0.00    0.00    0.00    0.00    0.00    0.00   23.00
20:05:51      30   83.00    0.00    1.00    0.00    0.00    0.00    0.00    0.00   16.00
20:05:51      31   71.00    0.00    0.00    0.00    0.00    0.00    0.00    0.00   29.00

20:05:51     CPU    %usr   %nice    %sys %iowait    %irq   %soft  %steal  %guest   %idle
20:05:52     all   81.80    0.00    0.13    0.00    0.00    0.00    0.00    0.00   18.08
20:05:52       0   88.89    0.00    0.00    0.00    0.00    0.00    0.00    0.00   11.11
20:05:52       1   80.00    0.00    0.00    0.00    0.00    0.00    0.00    0.00   20.00
20:05:52       2   83.84    0.00    0.00    0.00    0.00    0.00    0.00    0.00   16.16
20:05:52       3   85.00    0.00    0.00    0.00    0.00    0.00    0.00    0.00   15.00
20:05:52       4   82.00    0.00    0.00    0.00    0.00    0.00    0.00    0.00   18.00
20:05:52       5   80.00    0.00    0.00    0.00    0.00    0.00    0.00    0.00   20.00
20:05:52       6   86.00    0.00    0.00    0.00    0.00    0.00    0.00    0.00   14.00
20:05:52       7   78.00    0.00    0.00    0.00    0.00    0.00    0.00    0.00   22.00
20:05:52       8   86.00    0.00    0.00    0.00    0.00    0.00    0.00    0.00   14.00
20:05:52       9   86.87    0.00    0.00    0.00    0.00    0.00    0.00    0.00   13.13
20:05:52      10   83.00    0.00    0.00    0.00    0.00    0.00    0.00    0.00   17.00
20:05:52      11   83.17    0.00    0.99    0.00    0.00    0.00    0.00    0.00   15.84
20:05:52      12   82.83    0.00    0.00    0.00    0.00    0.00    0.00    0.00   17.17
20:05:52      13   79.00    0.00    1.00    0.00    0.00    0.00    0.00    0.00   20.00
20:05:52      14   80.81    0.00    0.00    0.00    0.00    0.00    0.00    0.00   19.19
20:05:52      15   88.00    0.00    0.00    0.00    0.00    0.00    0.00    0.00   12.00
20:05:52      16   79.00    0.00    0.00    0.00    0.00    0.00    0.00    0.00   21.00
20:05:52      17   79.00    0.00    0.00    0.00    0.00    0.00    0.00    0.00   21.00
20:05:52      18   82.00    0.00    0.00    0.00    0.00    0.00    0.00    0.00   18.00
20:05:52      19   83.17    0.00    0.00    0.00    0.00    0.00    0.00    0.00   16.83
20:05:52      20   81.00    0.00    0.00    0.00    0.00    0.00    0.00    0.00   19.00
20:05:52      21   81.00    0.00    0.00    0.00    0.00    0.00    0.00    0.00   19.00
20:05:52      22   81.00    0.00    0.00    0.00    0.00    0.00    0.00    0.00   19.00
20:05:52      23   74.00    0.00    0.00    0.00    0.00    0.00    0.00    0.00   26.00
20:05:52      24   80.00    0.00    0.00    0.00    0.00    0.00    0.00    0.00   20.00
20:05:52      25   80.20    0.00    0.00    0.00    0.00    0.00    0.00    0.00   19.80
20:05:52      26   86.00    0.00    0.00    0.00    0.00    0.00    0.00    0.00   14.00
20:05:52      27   84.85    0.00    0.00    0.00    0.00    0.00    0.00    0.00   15.15
20:05:52      28   76.00    0.00    0.00    0.00    0.00    0.00    0.00    0.00   24.00
20:05:52      29   75.76    0.00    0.00    0.00    0.00    0.00    0.00    0.00   24.24
20:05:52      30   80.00    0.00    0.00    0.00    0.00    0.00    0.00    0.00   20.00
20:05:52      31   83.00    0.00    0.00    0.00    0.00    0.00    0.00    0.00   17.00

20:05:52     CPU    %usr   %nice    %sys %iowait    %irq   %soft  %steal  %guest   %idle
20:05:53     all   84.35    0.00    0.09    0.00    0.00    0.00    0.00    0.00   15.56
20:05:53       0   89.90    0.00    0.00    0.00    0.00    0.00    0.00    0.00   10.10
20:05:53       1   84.85    0.00    0.00    0.00    0.00    0.00    0.00    0.00   15.15
20:05:53       2   87.00    0.00    0.00    0.00    0.00    0.00    0.00    0.00   13.00
20:05:53       3   87.00    0.00    0.00    0.00    0.00    0.00    0.00    0.00   13.00
20:05:53       4   82.83    0.00    0.00    0.00    0.00    0.00    0.00    0.00   17.17
20:05:53       5   78.79    0.00    0.00    0.00    0.00    0.00    0.00    0.00   21.21
20:05:53       6   86.14    0.00    0.99    0.00    0.00    0.00    0.00    0.00   12.87
20:05:53       7   81.00    0.00    0.00    0.00    0.00    0.00    0.00    0.00   19.00
20:05:53       8   87.13    0.00    0.00    0.00    0.00    0.00    0.00    0.00   12.87
20:05:53       9   88.00    0.00    0.00    0.00    0.00    0.00    0.00    0.00   12.00
20:05:53      10   86.00    0.00    0.00    0.00    0.00    0.00    0.00    0.00   14.00
20:05:53      11   85.00    0.00    0.00    0.00    0.00    0.00    0.00    0.00   15.00
20:05:53      12   83.17    0.00    0.00    0.00    0.00    0.00    0.00    0.00   16.83
20:05:53      13   84.00    0.00    0.00    0.00    0.00    0.00    0.00    0.00   16.00
20:05:53      14   87.88    0.00    0.00    0.00    0.00    0.00    0.00    0.00   12.12
20:05:53      15   81.82    0.00    0.00    0.00    0.00    0.00    0.00    0.00   18.18
20:05:53      16   85.00    0.00    0.00    0.00    0.00    0.00    0.00    0.00   15.00
20:05:53      17   84.00    0.00    0.00    0.00    0.00    0.00    0.00    0.00   16.00
20:05:53      18   89.11    0.00    0.00    0.00    0.00    0.00    0.00    0.00   10.89
20:05:53      19   82.00    0.00    0.00    0.00    0.00    0.00    0.00    0.00   18.00
20:05:53      20   90.00    0.00    0.00    0.00    0.00    0.00    0.00    0.00   10.00
20:05:53      21   82.00    0.00    0.00    0.00    0.00    0.00    0.00    0.00   18.00
20:05:53      22   83.17    0.00    0.99    0.00    0.00    0.00    0.00    0.00   15.84
20:05:53      23   78.00    0.00    0.00    0.00    0.00    0.00    0.00    0.00   22.00
20:05:53      24   82.00    0.00    1.00    0.00    0.00    0.00    0.00    0.00   17.00
20:05:53      25   81.82    0.00    0.00    0.00    0.00    0.00    0.00    0.00   18.18
20:05:53      26   81.82    0.00    0.00    0.00    0.00    0.00    0.00    0.00   18.18
20:05:53      27   81.00    0.00    0.00    0.00    0.00    0.00    0.00    0.00   19.00
20:05:53      28   87.00    0.00    0.00    0.00    0.00    0.00    0.00    0.00   13.00
20:05:53      29   85.00    0.00    0.00    0.00    0.00    0.00    0.00    0.00   15.00
20:05:53      30   81.82    0.00    0.00    0.00    0.00    0.00    0.00    0.00   18.18
20:05:53      31   84.16    0.00    0.00    0.00    0.00    0.00    0.00    0.00   15.84

20:05:53     CPU    %usr   %nice    %sys %iowait    %irq   %soft  %steal  %guest   %idle
20:05:54     all   80.81    0.00    0.06    0.00    0.00    0.00    0.00    0.00   19.13
20:05:54       0   92.00    0.00    0.00    0.00    0.00    0.00    0.00    0.00    8.00
20:05:54       1   87.00    0.00    0.00    0.00    0.00    0.00    0.00    0.00   13.00
20:05:54       2   85.00    0.00    0.00    0.00    0.00    0.00    0.00    0.00   15.00
20:05:54       3   83.00    0.00    0.00    0.00    0.00    0.00    0.00    0.00   17.00
20:05:54       4   78.22    0.00    0.99    0.00    0.00    0.00    0.00    0.00   20.79
20:05:54       5   84.16    0.00    0.00    0.00    0.00    0.00    0.00    0.00   15.84
20:05:54       6   82.00    0.00    0.00    0.00    0.00    0.00    0.00    0.00   18.00
20:05:54       7   88.12    0.00    0.00    0.00    0.00    0.00    0.00    0.00   11.88
20:05:54       8   84.00    0.00    0.00    0.00    0.00    0.00    0.00    0.00   16.00
20:05:54       9   81.82    0.00    0.00    0.00    0.00    0.00    0.00    0.00   18.18
20:05:54      10   79.00    0.00    0.00    0.00    0.00    0.00    0.00    0.00   21.00
20:05:54      11   73.00    0.00    0.00    0.00    0.00    0.00    0.00    0.00   27.00
20:05:54      12   77.00    0.00    0.00    0.00    0.00    0.00    0.00    0.00   23.00
20:05:54      13   76.77    0.00    0.00    0.00    0.00    0.00    0.00    0.00   23.23
20:05:54      14   78.00    0.00    0.00    0.00    0.00    0.00    0.00    0.00   22.00
20:05:54      15   76.24    0.00    0.00    0.00    0.00    0.00    0.00    0.00   23.76
20:05:54      16   75.00    0.00    1.00    0.00    0.00    0.00    0.00    0.00   24.00
20:05:54      17   85.15    0.00    0.00    0.00    0.00    0.00    0.00    0.00   14.85
20:05:54      18   88.00    0.00    0.00    0.00    0.00    0.00    0.00    0.00   12.00
20:05:54      19   83.17    0.00    0.00    0.00    0.00    0.00    0.00    0.00   16.83
20:05:54      20   82.00    0.00    0.00    0.00    0.00    0.00    0.00    0.00   18.00
20:05:54      21   81.00    0.00    0.00    0.00    0.00    0.00    0.00    0.00   19.00
20:05:54      22   84.00    0.00    0.00    0.00    0.00    0.00    0.00    0.00   16.00
20:05:54      23   80.81    0.00    0.00    0.00    0.00    0.00    0.00    0.00   19.19
20:05:54      24   79.00    0.00    0.00    0.00    0.00    0.00    0.00    0.00   21.00
20:05:54      25   75.00    0.00    0.00    0.00    0.00    0.00    0.00    0.00   25.00
20:05:54      26   78.00    0.00    0.00    0.00    0.00    0.00    0.00    0.00   22.00
20:05:54      27   73.00    0.00    0.00    0.00    0.00    0.00    0.00    0.00   27.00
20:05:54      28   78.00    0.00    1.00    0.00    0.00    0.00    0.00    0.00   21.00
20:05:54      29   84.00    0.00    0.00    0.00    0.00    0.00    0.00    0.00   16.00
20:05:54      30   73.74    0.00    0.00    0.00    0.00    0.00    0.00    0.00   26.26
20:05:54      31   76.77    0.00    0.00    0.00    0.00    0.00    0.00    0.00   23.23

20:05:54     CPU    %usr   %nice    %sys %iowait    %irq   %soft  %steal  %guest   %idle
20:05:55     all   82.39    0.00    0.06    0.00    0.00    0.00    0.00    0.00   17.55
20:05:55       0   93.94    0.00    0.00    0.00    0.00    0.00    0.00    0.00    6.06
20:05:55       1   91.09    0.00    0.00    0.00    0.00    0.00    0.00    0.00    8.91
20:05:55       2   86.00    0.00    0.00    0.00    0.00    0.00    0.00    0.00   14.00
20:05:55       3   79.00    0.00    0.00    0.00    0.00    0.00    0.00    0.00   21.00
20:05:55       4   88.00    0.00    0.00    0.00    0.00    0.00    0.00    0.00   12.00
20:05:55       5   80.20    0.00    0.99    0.00    0.00    0.00    0.00    0.00   18.81
20:05:55       6   88.00    0.00    0.00    0.00    0.00    0.00    0.00    0.00   12.00
20:05:55       7   84.00    0.00    0.00    0.00    0.00    0.00    0.00    0.00   16.00
20:05:55       8   83.84    0.00    0.00    0.00    0.00    0.00    0.00    0.00   16.16
20:05:55       9   78.22    0.00    0.00    0.00    0.00    0.00    0.00    0.00   21.78
20:05:55      10   85.86    0.00    0.00    0.00    0.00    0.00    0.00    0.00   14.14
20:05:55      11   81.82    0.00    0.00    0.00    0.00    0.00    0.00    0.00   18.18
20:05:55      12   73.74    0.00    0.00    0.00    0.00    0.00    0.00    0.00   26.26
20:05:55      13   83.84    0.00    0.00    0.00    0.00    0.00    0.00    0.00   16.16
20:05:55      14   72.00    0.00    0.00    0.00    0.00    0.00    0.00    0.00   28.00
20:05:55      15   75.00    0.00    0.00    0.00    0.00    0.00    0.00    0.00   25.00
20:05:55      16   86.00    0.00    0.00    0.00    0.00    0.00    0.00    0.00   14.00
20:05:55      17   81.82    0.00    0.00    0.00    0.00    0.00    0.00    0.00   18.18
20:05:55      18   88.89    0.00    0.00    0.00    0.00    0.00    0.00    0.00   11.11
20:05:55      19   83.84    0.00    0.00    0.00    0.00    0.00    0.00    0.00   16.16
20:05:55      20   88.00    0.00    0.00    0.00    0.00    0.00    0.00    0.00   12.00
20:05:55      21   84.16    0.00    0.00    0.00    0.00    0.00    0.00    0.00   15.84
20:05:55      22   86.00    0.00    0.00    0.00    0.00    0.00    0.00    0.00   14.00
20:05:55      23   90.00    0.00    0.00    0.00    0.00    0.00    0.00    0.00   10.00
20:05:55      24   79.21    0.00    0.00    0.00    0.00    0.00    0.00    0.00   20.79
20:05:55      25   76.24    0.00    0.99    0.00    0.00    0.00    0.00    0.00   22.77
20:05:55      26   75.76    0.00    0.00    0.00    0.00    0.00    0.00    0.00   24.24
20:05:55      27   77.78    0.00    0.00    0.00    0.00    0.00    0.00    0.00   22.22
20:05:55      28   85.00    0.00    0.00    0.00    0.00    0.00    0.00    0.00   15.00
20:05:55      29   80.20    0.00    0.99    0.00    0.00    0.00    0.00    0.00   18.81
20:05:55      30   79.21    0.00    0.00    0.00    0.00    0.00    0.00    0.00   20.79
20:05:55      31   73.00    0.00    0.00    0.00    0.00    0.00    0.00    0.00   27.00

20:05:55     CPU    %usr   %nice    %sys %iowait    %irq   %soft  %steal  %guest   %idle
20:05:56     all   81.09    0.00    0.09    0.00    0.00    0.00    0.00    0.00   18.81
20:05:56       0   89.90    0.00    0.00    0.00    0.00    0.00    0.00    0.00   10.10
20:05:56       1   84.00    0.00    0.00    0.00    0.00    0.00    0.00    0.00   16.00
20:05:56       2   89.22    0.00    0.98    0.00    0.00    0.00    0.00    0.00    9.80
20:05:56       3   79.00    0.00    0.00    0.00    0.00    0.00    0.00    0.00   21.00
20:05:56       4   86.00    0.00    0.00    0.00    0.00    0.00    0.00    0.00   14.00
20:05:56       5   77.00    0.00    0.00    0.00    0.00    0.00    0.00    0.00   23.00
20:05:56       6   87.88    0.00    0.00    0.00    0.00    0.00    0.00    0.00   12.12
20:05:56       7   72.73    0.00    0.00    0.00    0.00    0.00    0.00    0.00   27.27
20:05:56       8   87.13    0.00    0.00    0.00    0.00    0.00    0.00    0.00   12.87
20:05:56       9   80.00    0.00    1.00    0.00    0.00    0.00    0.00    0.00   19.00
20:05:56      10   81.19    0.00    0.00    0.00    0.00    0.00    0.00    0.00   18.81
20:05:56      11   75.25    0.00    0.00    0.00    0.00    0.00    0.00    0.00   24.75
20:05:56      12   81.00    0.00    0.00    0.00    0.00    0.00    0.00    0.00   19.00
20:05:56      13   74.26    0.00    0.00    0.00    0.00    0.00    0.00    0.00   25.74
20:05:56      14   81.00    0.00    0.00    0.00    0.00    0.00    0.00    0.00   19.00
20:05:56      15   81.00    0.00    0.00    0.00    0.00    0.00    0.00    0.00   19.00
20:05:56      16   79.00    0.00    0.00    0.00    0.00    0.00    0.00    0.00   21.00
20:05:56      17   88.00    0.00    0.00    0.00    0.00    0.00    0.00    0.00   12.00
20:05:56      18   86.00    0.00    0.00    0.00    0.00    0.00    0.00    0.00   14.00
20:05:56      19   76.00    0.00    0.00    0.00    0.00    0.00    0.00    0.00   24.00
20:05:56      20   80.20    0.00    0.00    0.00    0.00    0.00    0.00    0.00   19.80
20:05:56      21   79.80    0.00    0.00    0.00    0.00    0.00    0.00    0.00   20.20
20:05:56      22   82.18    0.00    0.00    0.00    0.00    0.00    0.00    0.00   17.82
20:05:56      23   80.00    0.00    0.00    0.00    0.00    0.00    0.00    0.00   20.00
20:05:56      24   81.82    0.00    0.00    0.00    0.00    0.00    0.00    0.00   18.18
20:05:56      25   81.00    0.00    0.00    0.00    0.00    0.00    0.00    0.00   19.00
20:05:56      26   77.00    0.00    0.00    0.00    0.00    0.00    0.00    0.00   23.00
20:05:56      27   80.81    0.00    0.00    0.00    0.00    0.00    0.00    0.00   19.19
20:05:56      28   77.23    0.00    0.00    0.00    0.00    0.00    0.00    0.00   22.77
20:05:56      29   79.00    0.00    0.00    0.00    0.00    0.00    0.00    0.00   21.00
20:05:56      30   79.00    0.00    0.00    0.00    0.00    0.00    0.00    0.00   21.00
20:05:56      31   80.00    0.00    0.00    0.00    0.00    0.00    0.00    0.00   20.00

20:05:56     CPU    %usr   %nice    %sys %iowait    %irq   %soft  %steal  %guest   %idle
20:05:57     all   80.43    0.00    0.09    0.00    0.00    0.00    0.00    0.00   19.48
20:05:57       0   93.00    0.00    0.00    0.00    0.00    0.00    0.00    0.00    7.00
20:05:57       1   81.00    0.00    0.00    0.00    0.00    0.00    0.00    0.00   19.00
20:05:57       2   85.86    0.00    0.00    0.00    0.00    0.00    0.00    0.00   14.14
20:05:57       3   82.00    0.00    0.00    0.00    0.00    0.00    0.00    0.00   18.00
20:05:57       4   84.85    0.00    0.00    0.00    0.00    0.00    0.00    0.00   15.15
20:05:57       5   83.00    0.00    0.00    0.00    0.00    0.00    0.00    0.00   17.00
20:05:57       6   80.00    0.00    0.00    0.00    0.00    0.00    0.00    0.00   20.00
20:05:57       7   81.00    0.00    0.00    0.00    0.00    0.00    0.00    0.00   19.00
20:05:57       8   79.80    0.00    0.00    0.00    0.00    0.00    0.00    0.00   20.20
20:05:57       9   85.00    0.00    0.00    0.00    0.00    0.00    0.00    0.00   15.00
20:05:57      10   76.77    0.00    0.00    0.00    0.00    0.00    0.00    0.00   23.23
20:05:57      11   73.74    0.00    0.00    0.00    0.00    0.00    0.00    0.00   26.26
20:05:57      12   80.00    0.00    0.00    0.00    0.00    0.00    0.00    0.00   20.00
20:05:57      13   80.00    0.00    1.00    0.00    0.00    0.00    0.00    0.00   19.00
20:05:57      14   79.21    0.00    0.99    0.00    0.00    0.00    0.00    0.00   19.80
20:05:57      15   76.47    0.00    0.98    0.00    0.00    0.00    0.00    0.00   22.55
20:05:57      16   78.00    0.00    0.00    0.00    0.00    0.00    0.00    0.00   22.00
20:05:57      17   83.00    0.00    0.00    0.00    0.00    0.00    0.00    0.00   17.00
20:05:57      18   82.00    0.00    1.00    0.00    0.00    0.00    0.00    0.00   17.00
20:05:57      19   85.15    0.00    0.99    0.00    0.00    0.00    0.00    0.00   13.86
20:05:57      20   74.00    0.00    0.00    0.00    0.00    0.00    0.00    0.00   26.00
20:05:57      21   87.00    0.00    0.00    0.00    0.00    0.00    0.00    0.00   13.00
20:05:57      22   84.85    0.00    0.00    0.00    0.00    0.00    0.00    0.00   15.15
20:05:57      23   79.00    0.00    0.00    0.00    0.00    0.00    0.00    0.00   21.00
20:05:57      24   76.24    0.00    0.00    0.00    0.00    0.00    0.00    0.00   23.76
20:05:57      25   78.79    0.00    0.00    0.00    0.00    0.00    0.00    0.00   21.21
20:05:57      26   78.79    0.00    0.00    0.00    0.00    0.00    0.00    0.00   21.21
20:05:57      27   75.00    0.00    0.00    0.00    0.00    0.00    0.00    0.00   25.00
20:05:57      28   77.78    0.00    0.00    0.00    0.00    0.00    0.00    0.00   22.22
20:05:57      29   83.84    0.00    0.00    0.00    0.00    0.00    0.00    0.00   16.16
20:05:57      30   73.74    0.00    0.00    0.00    0.00    0.00    0.00    0.00   26.26
20:05:57      31   74.75    0.00    0.00    0.00    0.00    0.00    0.00    0.00   25.25

20:05:57     CPU    %usr   %nice    %sys %iowait    %irq   %soft  %steal  %guest   %idle
20:05:58     all   81.11    0.00    0.06    0.00    0.00    0.00    0.00    0.00   18.82
20:05:58       0   88.89    0.00    0.00    0.00    0.00    0.00    0.00    0.00   11.11
20:05:58       1   79.80    0.00    0.00    0.00    0.00    0.00    0.00    0.00   20.20
20:05:58       2   83.00    0.00    0.00    0.00    0.00    0.00    0.00    0.00   17.00
20:05:58       3   79.21    0.00    0.00    0.00    0.00    0.00    0.00    0.00   20.79
20:05:58       4   82.00    0.00    0.00    0.00    0.00    0.00    0.00    0.00   18.00
20:05:58       5   83.00    0.00    0.00    0.00    0.00    0.00    0.00    0.00   17.00
20:05:58       6   83.00    0.00    0.00    0.00    0.00    0.00    0.00    0.00   17.00
20:05:58       7   71.72    0.00    0.00    0.00    0.00    0.00    0.00    0.00   28.28
20:05:58       8   84.16    0.00    0.99    0.00    0.00    0.00    0.00    0.00   14.85
20:05:58       9   84.85    0.00    0.00    0.00    0.00    0.00    0.00    0.00   15.15
20:05:58      10   82.00    0.00    0.00    0.00    0.00    0.00    0.00    0.00   18.00
20:05:58      11   86.00    0.00    0.00    0.00    0.00    0.00    0.00    0.00   14.00
20:05:58      12   80.00    0.00    0.00    0.00    0.00    0.00    0.00    0.00   20.00
20:05:58      13   80.00    0.00    0.00    0.00    0.00    0.00    0.00    0.00   20.00
20:05:58      14   73.00    0.00    0.00    0.00    0.00    0.00    0.00    0.00   27.00
20:05:58      15   79.80    0.00    0.00    0.00    0.00    0.00    0.00    0.00   20.20
20:05:58      16   81.82    0.00    0.00    0.00    0.00    0.00    0.00    0.00   18.18
20:05:58      17   74.26    0.00    0.00    0.00    0.00    0.00    0.00    0.00   25.74
20:05:58      18   81.00    0.00    0.00    0.00    0.00    0.00    0.00    0.00   19.00
20:05:58      19   79.80    0.00    0.00    0.00    0.00    0.00    0.00    0.00   20.20
20:05:58      20   80.81    0.00    0.00    0.00    0.00    0.00    0.00    0.00   19.19
20:05:58      21   78.00    0.00    0.00    0.00    0.00    0.00    0.00    0.00   22.00
20:05:58      22   75.00    0.00    0.00    0.00    0.00    0.00    0.00    0.00   25.00
20:05:58      23   84.16    0.00    0.00    0.00    0.00    0.00    0.00    0.00   15.84
20:05:58      24   82.83    0.00    0.00    0.00    0.00    0.00    0.00    0.00   17.17
20:05:58      25   83.17    0.00    0.00    0.00    0.00    0.00    0.00    0.00   16.83
20:05:58      26   90.00    0.00    0.00    0.00    0.00    0.00    0.00    0.00   10.00
20:05:58      27   82.83    0.00    0.00    0.00    0.00    0.00    0.00    0.00   17.17
20:05:58      28   81.82    0.00    0.00    0.00    0.00    0.00    0.00    0.00   18.18
20:05:58      29   77.00    0.00    1.00    0.00    0.00    0.00    0.00    0.00   22.00
20:05:58      30   81.82    0.00    0.00    0.00    0.00    0.00    0.00    0.00   18.18
20:05:58      31   81.00    0.00    0.00    0.00    0.00    0.00    0.00    0.00   19.00

20:05:58     CPU    %usr   %nice    %sys %iowait    %irq   %soft  %steal  %guest   %idle
20:05:59     all   82.48    0.00    0.09    0.00    0.00    0.00    0.00    0.00   17.43
20:05:59       0   91.92    0.00    0.00    0.00    0.00    0.00    0.00    0.00    8.08
20:05:59       1   78.22    0.00    0.00    0.00    0.00    0.00    0.00    0.00   21.78
20:05:59       2   82.18    0.00    0.00    0.00    0.00    0.00    0.00    0.00   17.82
20:05:59       3   88.89    0.00    0.00    0.00    0.00    0.00    0.00    0.00   11.11
20:05:59       4   77.23    0.00    0.00    0.00    0.00    0.00    0.00    0.00   22.77
20:05:59       5   79.00    0.00    0.00    0.00    0.00    0.00    0.00    0.00   21.00
20:05:59       6   70.00    0.00    0.00    0.00    0.00    0.00    0.00    0.00   30.00
20:05:59       7   77.00    0.00    0.00    0.00    0.00    0.00    0.00    0.00   23.00
20:05:59       8   85.00    0.00    0.00    0.00    0.00    0.00    0.00    0.00   15.00
20:05:59       9   92.08    0.00    0.00    0.00    0.00    0.00    0.00    0.00    7.92
20:05:59      10   89.00    0.00    0.00    0.00    0.00    0.00    0.00    0.00   11.00
20:05:59      11   88.00    0.00    0.00    0.00    0.00    0.00    0.00    0.00   12.00
20:05:59      12   84.85    0.00    0.00    0.00    0.00    0.00    0.00    0.00   15.15
20:05:59      13   89.90    0.00    0.00    0.00    0.00    0.00    0.00    0.00   10.10
20:05:59      14   89.00    0.00    0.00    0.00    0.00    0.00    0.00    0.00   11.00
20:05:59      15   82.00    0.00    0.00    0.00    0.00    0.00    0.00    0.00   18.00
20:05:59      16   81.19    0.00    0.00    0.00    0.00    0.00    0.00    0.00   18.81
20:05:59      17   80.00    0.00    0.00    0.00    0.00    0.00    0.00    0.00   20.00
20:05:59      18   83.17    0.00    0.00    0.00    0.00    0.00    0.00    0.00   16.83
20:05:59      19   82.18    0.00    0.00    0.00    0.00    0.00    0.00    0.00   17.82
20:05:59      20   80.00    0.00    1.00    0.00    0.00    0.00    0.00    0.00   19.00
20:05:59      21   79.00    0.00    0.00    0.00    0.00    0.00    0.00    0.00   21.00
20:05:59      22   74.00    0.00    0.00    0.00    0.00    0.00    0.00    0.00   26.00
20:05:59      23   65.00    0.00    1.00    0.00    0.00    0.00    0.00    0.00   34.00
20:05:59      24   82.00    0.00    0.00    0.00    0.00    0.00    0.00    0.00   18.00
20:05:59      25   82.83    0.00    0.00    0.00    0.00    0.00    0.00    0.00   17.17
20:05:59      26   89.00    0.00    0.00    0.00    0.00    0.00    0.00    0.00   11.00
20:05:59      27   84.31    0.00    0.98    0.00    0.00    0.00    0.00    0.00   14.71
20:05:59      28   79.00    0.00    0.00    0.00    0.00    0.00    0.00    0.00   21.00
20:05:59      29   83.00    0.00    0.00    0.00    0.00    0.00    0.00    0.00   17.00
20:05:59      30   86.14    0.00    0.99    0.00    0.00    0.00    0.00    0.00   12.87
20:05:59      31   84.00    0.00    0.00    0.00    0.00    0.00    0.00    0.00   16.00

20:05:59     CPU    %usr   %nice    %sys %iowait    %irq   %soft  %steal  %guest   %idle
20:06:00     all   80.38    0.00    0.09    0.00    0.00    0.00    0.00    0.00   19.53
20:06:00       0   91.00    0.00    0.00    0.00    0.00    0.00    0.00    0.00    9.00
20:06:00       1   87.13    0.00    0.00    0.00    0.00    0.00    0.00    0.00   12.87
20:06:00       2   85.86    0.00    0.00    0.00    0.00    0.00    0.00    0.00   14.14
20:06:00       3   82.00    0.00    0.00    0.00    0.00    0.00    0.00    0.00   18.00
20:06:00       4   88.00    0.00    0.00    0.00    0.00    0.00    0.00    0.00   12.00
20:06:00       5   84.85    0.00    0.00    0.00    0.00    0.00    0.00    0.00   15.15
20:06:00       6   84.00    0.00    0.00    0.00    0.00    0.00    0.00    0.00   16.00
20:06:00       7   83.33    0.00    0.00    0.00    0.00    0.00    0.00    0.00   16.67
20:06:00       8   77.78    0.00    0.00    0.00    0.00    0.00    0.00    0.00   22.22
20:06:00       9   77.00    0.00    0.00    0.00    0.00    0.00    0.00    0.00   23.00
20:06:00      10   80.81    0.00    0.00    0.00    0.00    0.00    0.00    0.00   19.19
20:06:00      11   75.00    0.00    0.00    0.00    0.00    0.00    0.00    0.00   25.00
20:06:00      12   76.00    0.00    0.00    0.00    0.00    0.00    0.00    0.00   24.00
20:06:00      13   84.16    0.00    0.00    0.00    0.00    0.00    0.00    0.00   15.84
20:06:00      14   78.00    0.00    0.00    0.00    0.00    0.00    0.00    0.00   22.00
20:06:00      15   81.00    0.00    0.00    0.00    0.00    0.00    0.00    0.00   19.00
20:06:00      16   76.00    0.00    0.00    0.00    0.00    0.00    0.00    0.00   24.00
20:06:00      17   83.84    0.00    0.00    0.00    0.00    0.00    0.00    0.00   16.16
20:06:00      18   78.00    0.00    0.00    0.00    0.00    0.00    0.00    0.00   22.00
20:06:00      19   87.88    0.00    0.00    0.00    0.00    0.00    0.00    0.00   12.12
20:06:00      20   81.00    0.00    0.00    0.00    0.00    0.00    0.00    0.00   19.00
20:06:00      21   83.17    0.00    0.00    0.00    0.00    0.00    0.00    0.00   16.83
20:06:00      22   81.82    0.00    0.00    0.00    0.00    0.00    0.00    0.00   18.18
20:06:00      23   85.00    0.00    0.00    0.00    0.00    0.00    0.00    0.00   15.00
20:06:00      24   76.24    0.00    0.00    0.00    0.00    0.00    0.00    0.00   23.76
20:06:00      25   74.26    0.00    0.00    0.00    0.00    0.00    0.00    0.00   25.74
20:06:00      26   74.26    0.00    0.00    0.00    0.00    0.00    0.00    0.00   25.74
20:06:00      27   70.00    0.00    0.00    0.00    0.00    0.00    0.00    0.00   30.00
20:06:00      28   80.00    0.00    0.00    0.00    0.00    0.00    0.00    0.00   20.00
20:06:00      29   78.00    0.00    0.00    0.00    0.00    0.00    0.00    0.00   22.00
20:06:00      30   75.00    0.00    0.00    0.00    0.00    0.00    0.00    0.00   25.00
20:06:00      31   73.74    0.00    0.00    0.00    0.00    0.00    0.00    0.00   26.26

20:06:00     CPU    %usr   %nice    %sys %iowait    %irq   %soft  %steal  %guest   %idle
20:06:01     all   80.03    0.00    0.09    0.00    0.00    0.00    0.00    0.00   19.88
20:06:01       0   88.00    0.00    0.00    0.00    0.00    0.00    0.00    0.00   12.00
20:06:01       1   81.00    0.00    1.00    0.00    0.00    0.00    0.00    0.00   18.00
20:06:01       2   86.14    0.00    0.99    0.00    0.00    0.00    0.00    0.00   12.87
20:06:01       3   79.00    0.00    0.00    0.00    0.00    0.00    0.00    0.00   21.00
20:06:01       4   78.00    0.00    0.00    0.00    0.00    0.00    0.00    0.00   22.00
20:06:01       5   72.00    0.00    0.00    0.00    0.00    0.00    0.00    0.00   28.00
20:06:01       6   81.00    0.00    0.00    0.00    0.00    0.00    0.00    0.00   19.00
20:06:01       7   85.00    0.00    1.00    0.00    0.00    0.00    0.00    0.00   14.00
20:06:01       8   82.00    0.00    0.00    0.00    0.00    0.00    0.00    0.00   18.00
20:06:01       9   83.84    0.00    0.00    0.00    0.00    0.00    0.00    0.00   16.16
20:06:01      10   77.23    0.00    0.00    0.00    0.00    0.00    0.00    0.00   22.77
20:06:01      11   77.00    0.00    0.00    0.00    0.00    0.00    0.00    0.00   23.00
20:06:01      12   77.23    0.00    0.00    0.00    0.00    0.00    0.00    0.00   22.77
20:06:01      13   74.00    0.00    0.00    0.00    0.00    0.00    0.00    0.00   26.00
20:06:01      14   82.00    0.00    0.00    0.00    0.00    0.00    0.00    0.00   18.00
20:06:01      15   80.20    0.00    0.00    0.00    0.00    0.00    0.00    0.00   19.80
20:06:01      16   86.00    0.00    0.00    0.00    0.00    0.00    0.00    0.00   14.00
20:06:01      17   83.17    0.00    0.99    0.00    0.00    0.00    0.00    0.00   15.84
20:06:01      18   75.00    0.00    0.00    0.00    0.00    0.00    0.00    0.00   25.00
20:06:01      19   86.00    0.00    0.00    0.00    0.00    0.00    0.00    0.00   14.00
20:06:01      20   77.00    0.00    0.00    0.00    0.00    0.00    0.00    0.00   23.00
20:06:01      21   81.82    0.00    0.00    0.00    0.00    0.00    0.00    0.00   18.18
20:06:01      22   81.00    0.00    0.00    0.00    0.00    0.00    0.00    0.00   19.00
20:06:01      23   82.00    0.00    0.00    0.00    0.00    0.00    0.00    0.00   18.00
20:06:01      24   79.80    0.00    0.00    0.00    0.00    0.00    0.00    0.00   20.20
20:06:01      25   83.84    0.00    0.00    0.00    0.00    0.00    0.00    0.00   16.16
20:06:01      26   73.74    0.00    0.00    0.00    0.00    0.00    0.00    0.00   26.26
20:06:01      27   73.00    0.00    0.00    0.00    0.00    0.00    0.00    0.00   27.00
20:06:01      28   79.00    0.00    0.00    0.00    0.00    0.00    0.00    0.00   21.00
20:06:01      29   82.83    0.00    0.00    0.00    0.00    0.00    0.00    0.00   17.17
20:06:01      30   76.00    0.00    0.00    0.00    0.00    0.00    0.00    0.00   24.00
20:06:01      31   76.00    0.00    0.00    0.00    0.00    0.00    0.00    0.00   24.00

20:06:01     CPU    %usr   %nice    %sys %iowait    %irq   %soft  %steal  %guest   %idle
20:06:02     all   81.33    0.00    0.09    0.00    0.00    0.00    0.00    0.00   18.58
20:06:02       0   81.82    0.00    0.00    0.00    0.00    0.00    0.00    0.00   18.18
20:06:02       1   83.84    0.00    0.00    0.00    0.00    0.00    0.00    0.00   16.16
20:06:02       2   81.00    0.00    0.00    0.00    0.00    0.00    0.00    0.00   19.00
20:06:02       3   82.00    0.00    0.00    0.00    0.00    0.00    0.00    0.00   18.00
20:06:02       4   76.00    0.00    0.00    0.00    0.00    0.00    0.00    0.00   24.00
20:06:02       5   85.00    0.00    0.00    0.00    0.00    0.00    0.00    0.00   15.00
20:06:02       6   80.00    0.00    0.00    0.00    0.00    0.00    0.00    0.00   20.00
20:06:02       7   78.00    0.00    0.00    0.00    0.00    0.00    0.00    0.00   22.00
20:06:02       8   85.86    0.00    0.00    0.00    0.00    0.00    0.00    0.00   14.14
20:06:02       9   83.00    0.00    0.00    0.00    0.00    0.00    0.00    0.00   17.00
20:06:02      10   82.65    0.00    0.00    0.00    0.00    0.00    0.00    0.00   17.35
20:06:02      11   86.00    0.00    0.00    0.00    0.00    0.00    0.00    0.00   14.00
20:06:02      12   82.83    0.00    0.00    0.00    0.00    0.00    0.00    0.00   17.17
20:06:02      13   73.00    0.00    0.00    0.00    0.00    0.00    0.00    0.00   27.00
20:06:02      14   82.83    0.00    0.00    0.00    0.00    0.00    0.00    0.00   17.17
20:06:02      15   81.82    0.00    0.00    0.00    0.00    0.00    0.00    0.00   18.18
20:06:02      16   80.20    0.00    0.99    0.00    0.00    0.00    0.00    0.00   18.81
20:06:02      17   83.00    0.00    0.00    0.00    0.00    0.00    0.00    0.00   17.00
20:06:02      18   75.76    0.00    0.00    0.00    0.00    0.00    0.00    0.00   24.24
20:06:02      19   78.79    0.00    0.00    0.00    0.00    0.00    0.00    0.00   21.21
20:06:02      20   86.00    0.00    0.00    0.00    0.00    0.00    0.00    0.00   14.00
20:06:02      21   80.00    0.00    0.00    0.00    0.00    0.00    0.00    0.00   20.00
20:06:02      22   82.00    0.00    0.00    0.00    0.00    0.00    0.00    0.00   18.00
20:06:02      23   81.00    0.00    0.00    0.00    0.00    0.00    0.00    0.00   19.00
20:06:02      24   85.00    0.00    0.00    0.00    0.00    0.00    0.00    0.00   15.00
20:06:02      25   81.19    0.00    0.99    0.00    0.00    0.00    0.00    0.00   17.82
20:06:02      26   86.00    0.00    0.00    0.00    0.00    0.00    0.00    0.00   14.00
20:06:02      27   83.00    0.00    0.00    0.00    0.00    0.00    0.00    0.00   17.00
20:06:02      28   75.00    0.00    0.00    0.00    0.00    0.00    0.00    0.00   25.00
20:06:02      29   82.00    0.00    0.00    0.00    0.00    0.00    0.00    0.00   18.00
20:06:02      30   77.78    0.00    0.00    0.00    0.00    0.00    0.00    0.00   22.22
20:06:02      31   80.00    0.00    0.00    0.00    0.00    0.00    0.00    0.00   20.00

20:06:02     CPU    %usr   %nice    %sys %iowait    %irq   %soft  %steal  %guest   %idle
20:06:03     all   79.96    0.00    0.09    0.00    0.00    0.00    0.00    0.00   19.94
20:06:03       0   91.00    0.00    1.00    0.00    0.00    0.00    0.00    0.00    8.00
20:06:03       1   88.00    0.00    0.00    0.00    0.00    0.00    0.00    0.00   12.00
20:06:03       2   90.91    0.00    0.00    0.00    0.00    0.00    0.00    0.00    9.09
20:06:03       3   90.00    0.00    0.00    0.00    0.00    0.00    0.00    0.00   10.00
20:06:03       4   83.00    0.00    0.00    0.00    0.00    0.00    0.00    0.00   17.00
20:06:03       5   88.00    0.00    0.00    0.00    0.00    0.00    0.00    0.00   12.00
20:06:03       6   89.00    0.00    0.00    0.00    0.00    0.00    0.00    0.00   11.00
20:06:03       7   87.00    0.00    0.00    0.00    0.00    0.00    0.00    0.00   13.00
20:06:03       8   83.00    0.00    0.00    0.00    0.00    0.00    0.00    0.00   17.00
20:06:03       9   79.00    0.00    0.00    0.00    0.00    0.00    0.00    0.00   21.00
20:06:03      10   72.00    0.00    0.00    0.00    0.00    0.00    0.00    0.00   28.00
20:06:03      11   71.00    0.00    0.00    0.00    0.00    0.00    0.00    0.00   29.00
20:06:03      12   69.00    0.00    0.00    0.00    0.00    0.00    0.00    0.00   31.00
20:06:03      13   68.32    0.00    0.99    0.00    0.00    0.00    0.00    0.00   30.69
20:06:03      14   73.00    0.00    0.00    0.00    0.00    0.00    0.00    0.00   27.00
20:06:03      15   81.00    0.00    0.00    0.00    0.00    0.00    0.00    0.00   19.00
20:06:03      16   87.88    0.00    0.00    0.00    0.00    0.00    0.00    0.00   12.12
20:06:03      17   88.89    0.00    0.00    0.00    0.00    0.00    0.00    0.00   11.11
20:06:03      18   89.00    0.00    0.00    0.00    0.00    0.00    0.00    0.00   11.00
20:06:03      19   85.00    0.00    0.00    0.00    0.00    0.00    0.00    0.00   15.00
20:06:03      20   86.00    0.00    0.00    0.00    0.00    0.00    0.00    0.00   14.00
20:06:03      21   89.00    0.00    0.00    0.00    0.00    0.00    0.00    0.00   11.00
20:06:03      22   84.00    0.00    0.00    0.00    0.00    0.00    0.00    0.00   16.00
20:06:03      23   87.00    0.00    0.00    0.00    0.00    0.00    0.00    0.00   13.00
20:06:03      24   65.00    0.00    0.00    0.00    0.00    0.00    0.00    0.00   35.00
20:06:03      25   72.28    0.00    0.00    0.00    0.00    0.00    0.00    0.00   27.72
20:06:03      26   71.72    0.00    1.01    0.00    0.00    0.00    0.00    0.00   27.27
20:06:03      27   72.73    0.00    0.00    0.00    0.00    0.00    0.00    0.00   27.27
20:06:03      28   69.00    0.00    0.00    0.00    0.00    0.00    0.00    0.00   31.00
20:06:03      29   69.70    0.00    0.00    0.00    0.00    0.00    0.00    0.00   30.30
20:06:03      30   71.00    0.00    0.00    0.00    0.00    0.00    0.00    0.00   29.00
20:06:03      31   70.00    0.00    0.00    0.00    0.00    0.00    0.00    0.00   30.00

20:06:03     CPU    %usr   %nice    %sys %iowait    %irq   %soft  %steal  %guest   %idle
20:06:04     all   80.56    0.00    0.13    0.00    0.00    0.00    0.00    0.00   19.32
20:06:04       0   93.94    0.00    0.00    0.00    0.00    0.00    0.00    0.00    6.06
20:06:04       1   88.12    0.00    0.00    0.00    0.00    0.00    0.00    0.00   11.88
20:06:04       2   93.00    0.00    0.00    0.00    0.00    0.00    0.00    0.00    7.00
20:06:04       3   83.84    0.00    1.01    0.00    0.00    0.00    0.00    0.00   15.15
20:06:04       4   87.00    0.00    0.00    0.00    0.00    0.00    0.00    0.00   13.00
20:06:04       5   89.90    0.00    0.00    0.00    0.00    0.00    0.00    0.00   10.10
20:06:04       6   86.00    0.00    1.00    0.00    0.00    0.00    0.00    0.00   13.00
20:06:04       7   84.85    0.00    0.00    0.00    0.00    0.00    0.00    0.00   15.15
20:06:04       8   76.24    0.00    0.00    0.00    0.00    0.00    0.00    0.00   23.76
20:06:04       9   82.00    0.00    1.00    0.00    0.00    0.00    0.00    0.00   17.00
20:06:04      10   82.18    0.00    0.99    0.00    0.00    0.00    0.00    0.00   16.83
20:06:04      11   72.00    0.00    0.00    0.00    0.00    0.00    0.00    0.00   28.00
20:06:04      12   82.00    0.00    0.00    0.00    0.00    0.00    0.00    0.00   18.00
20:06:04      13   79.00    0.00    0.00    0.00    0.00    0.00    0.00    0.00   21.00
20:06:04      14   71.00    0.00    0.00    0.00    0.00    0.00    0.00    0.00   29.00
20:06:04      15   78.00    0.00    0.00    0.00    0.00    0.00    0.00    0.00   22.00
20:06:04      16   85.15    0.00    0.00    0.00    0.00    0.00    0.00    0.00   14.85
20:06:04      17   87.00    0.00    0.00    0.00    0.00    0.00    0.00    0.00   13.00
20:06:04      18   81.00    0.00    0.00    0.00    0.00    0.00    0.00    0.00   19.00
20:06:04      19   86.00    0.00    0.00    0.00    0.00    0.00    0.00    0.00   14.00
20:06:04      20   88.00    0.00    0.00    0.00    0.00    0.00    0.00    0.00   12.00
20:06:04      21   82.00    0.00    0.00    0.00    0.00    0.00    0.00    0.00   18.00
20:06:04      22   85.86    0.00    0.00    0.00    0.00    0.00    0.00    0.00   14.14
20:06:04      23   87.00    0.00    0.00    0.00    0.00    0.00    0.00    0.00   13.00
20:06:04      24   70.00    0.00    0.00    0.00    0.00    0.00    0.00    0.00   30.00
20:06:04      25   73.00    0.00    0.00    0.00    0.00    0.00    0.00    0.00   27.00
20:06:04      26   83.00    0.00    0.00    0.00    0.00    0.00    0.00    0.00   17.00
20:06:04      27   68.69    0.00    0.00    0.00    0.00    0.00    0.00    0.00   31.31
20:06:04      28   71.29    0.00    0.99    0.00    0.00    0.00    0.00    0.00   27.72
20:06:04      29   63.00    0.00    0.00    0.00    0.00    0.00    0.00    0.00   37.00
20:06:04      30   75.00    0.00    0.00    0.00    0.00    0.00    0.00    0.00   25.00
20:06:04      31   62.00    0.00    1.00    0.00    0.00    0.00    0.00    0.00   37.00

20:06:04     CPU    %usr   %nice    %sys %iowait    %irq   %soft  %steal  %guest   %idle
20:06:05     all   81.73    0.00    0.13    0.00    0.00    0.00    0.00    0.00   18.14
20:06:05       0   85.00    0.00    0.00    0.00    0.00    0.00    0.00    0.00   15.00
20:06:05       1   79.00    0.00    0.00    0.00    0.00    0.00    0.00    0.00   21.00
20:06:05       2   77.00    0.00    0.00    0.00    0.00    0.00    0.00    0.00   23.00
20:06:05       3   77.23    0.00    0.00    0.00    0.00    0.00    0.00    0.00   22.77
20:06:05       4   82.00    0.00    0.00    0.00    0.00    0.00    0.00    0.00   18.00
20:06:05       5   78.00    0.00    0.00    0.00    0.00    0.00    0.00    0.00   22.00
20:06:05       6   73.74    0.00    0.00    0.00    0.00    0.00    0.00    0.00   26.26
20:06:05       7   73.27    0.00    0.00    0.00    0.00    0.00    0.00    0.00   26.73
20:06:05       8   86.87    0.00    0.00    0.00    0.00    0.00    0.00    0.00   13.13
20:06:05       9   91.00    0.00    0.00    0.00    0.00    0.00    0.00    0.00    9.00
20:06:05      10   84.00    0.00    0.00    0.00    0.00    0.00    0.00    0.00   16.00
20:06:05      11   92.00    0.00    0.00    0.00    0.00    0.00    0.00    0.00    8.00
20:06:05      12   85.00    0.00    0.00    0.00    0.00    0.00    0.00    0.00   15.00
20:06:05      13   84.69    0.00    0.00    0.00    0.00    0.00    0.00    0.00   15.31
20:06:05      14   80.00    0.00    0.00    0.00    0.00    0.00    0.00    0.00   20.00
20:06:05      15   84.00    0.00    0.00    0.00    0.00    0.00    0.00    0.00   16.00
20:06:05      16   76.00    0.00    0.00    0.00    0.00    0.00    0.00    0.00   24.00
20:06:05      17   80.20    0.00    0.00    0.00    0.00    0.00    0.00    0.00   19.80
20:06:05      18   86.00    0.00    0.00    0.00    0.00    0.00    0.00    0.00   14.00
20:06:05      19   73.00    0.00    0.00    0.00    0.00    0.00    0.00    0.00   27.00
20:06:05      20   81.00    0.00    0.00    0.00    0.00    0.00    0.00    0.00   19.00
20:06:05      21   78.00    0.00    0.00    0.00    0.00    0.00    0.00    0.00   22.00
20:06:05      22   81.00    0.00    0.00    0.00    0.00    0.00    0.00    0.00   19.00
20:06:05      23   73.74    0.00    0.00    0.00    0.00    0.00    0.00    0.00   26.26
20:06:05      24   83.00    0.00    0.00    0.00    0.00    0.00    0.00    0.00   17.00
20:06:05      25   85.00    0.00    0.00    0.00    0.00    0.00    0.00    0.00   15.00
20:06:05      26   83.00    0.00    0.00    0.00    0.00    0.00    0.00    0.00   17.00
20:06:05      27   84.85    0.00    0.00    0.00    0.00    0.00    0.00    0.00   15.15
20:06:05      28   83.84    0.00    0.00    0.00    0.00    0.00    0.00    0.00   16.16
20:06:05      29   87.13    0.00    0.00    0.00    0.00    0.00    0.00    0.00   12.87
20:06:05      30   84.00    0.00    0.00    0.00    0.00    0.00    0.00    0.00   16.00
20:06:05      31   83.17    0.00    0.00    0.00    0.00    0.00    0.00    0.00   16.83

20:06:05     CPU    %usr   %nice    %sys %iowait    %irq   %soft  %steal  %guest   %idle
20:06:06     all   81.57    0.00    0.12    0.00    0.00    0.00    0.00    0.00   18.30
20:06:06       0   86.87    0.00    0.00    0.00    0.00    0.00    0.00    0.00   13.13
20:06:06       1   83.00    0.00    0.00    0.00    0.00    0.00    0.00    0.00   17.00
20:06:06       2   87.00    0.00    0.00    0.00    0.00    0.00    0.00    0.00   13.00
20:06:06       3   81.82    0.00    0.00    0.00    0.00    0.00    0.00    0.00   18.18
20:06:06       4   89.90    0.00    0.00    0.00    0.00    0.00    0.00    0.00   10.10
20:06:06       5   84.85    0.00    0.00    0.00    0.00    0.00    0.00    0.00   15.15
20:06:06       6   77.23    0.00    0.00    0.00    0.00    0.00    0.00    0.00   22.77
20:06:06       7   75.00    0.00    0.00    0.00    0.00    0.00    0.00    0.00   25.00
20:06:06       8   88.00    0.00    0.00    0.00    0.00    0.00    0.00    0.00   12.00
20:06:06       9   84.00    0.00    0.00    0.00    0.00    0.00    0.00    0.00   16.00
20:06:06      10   84.00    0.00    0.00    0.00    0.00    0.00    0.00    0.00   16.00
20:06:06      11   86.00    0.00    1.00    0.00    0.00    0.00    0.00    0.00   13.00
20:06:06      12   78.00    0.00    0.00    0.00    0.00    0.00    0.00    0.00   22.00
20:06:06      13   82.18    0.00    0.00    0.00    0.00    0.00    0.00    0.00   17.82
20:06:06      14   78.22    0.00    0.00    0.00    0.00    0.00    0.00    0.00   21.78
20:06:06      15   75.00    0.00    0.00    0.00    0.00    0.00    0.00    0.00   25.00
20:06:06      16   79.80    0.00    0.00    0.00    0.00    0.00    0.00    0.00   20.20
20:06:06      17   77.78    0.00    0.00    0.00    0.00    0.00    0.00    0.00   22.22
20:06:06      18   82.18    0.00    0.99    0.00    0.00    0.00    0.00    0.00   16.83
20:06:06      19   81.19    0.00    0.99    0.00    0.00    0.00    0.00    0.00   17.82
20:06:06      20   86.00    0.00    0.00    0.00    0.00    0.00    0.00    0.00   14.00
20:06:06      21   80.00    0.00    0.00    0.00    0.00    0.00    0.00    0.00   20.00
20:06:06      22   79.21    0.00    0.00    0.00    0.00    0.00    0.00    0.00   20.79
20:06:06      23   84.16    0.00    0.00    0.00    0.00    0.00    0.00    0.00   15.84
20:06:06      24   78.22    0.00    0.00    0.00    0.00    0.00    0.00    0.00   21.78
20:06:06      25   84.00    0.00    0.00    0.00    0.00    0.00    0.00    0.00   16.00
20:06:06      26   80.00    0.00    0.00    0.00    0.00    0.00    0.00    0.00   20.00
20:06:06      27   86.14    0.00    0.00    0.00    0.00    0.00    0.00    0.00   13.86
20:06:06      28   75.25    0.00    0.00    0.00    0.00    0.00    0.00    0.00   24.75
20:06:06      29   81.82    0.00    0.00    0.00    0.00    0.00    0.00    0.00   18.18
20:06:06      30   80.00    0.00    0.00    0.00    0.00    0.00    0.00    0.00   20.00
20:06:06      31   74.75    0.00    0.00    0.00    0.00    0.00    0.00    0.00   25.25

20:06:06     CPU    %usr   %nice    %sys %iowait    %irq   %soft  %steal  %guest   %idle
20:06:07     all   81.91    0.00    0.06    0.00    0.00    0.00    0.00    0.00   18.03
20:06:07       0   90.91    0.00    0.00    0.00    0.00    0.00    0.00    0.00    9.09
20:06:07       1   84.85    0.00    0.00    0.00    0.00    0.00    0.00    0.00   15.15
20:06:07       2   85.00    0.00    0.00    0.00    0.00    0.00    0.00    0.00   15.00
20:06:07       3   83.00    0.00    0.00    0.00    0.00    0.00    0.00    0.00   17.00
20:06:07       4   83.00    0.00    0.00    0.00    0.00    0.00    0.00    0.00   17.00
20:06:07       5   82.18    0.00    0.99    0.00    0.00    0.00    0.00    0.00   16.83
20:06:07       6   76.00    0.00    0.00    0.00    0.00    0.00    0.00    0.00   24.00
20:06:07       7   85.86    0.00    0.00    0.00    0.00    0.00    0.00    0.00   14.14
20:06:07       8   88.00    0.00    0.00    0.00    0.00    0.00    0.00    0.00   12.00
20:06:07       9   80.81    0.00    0.00    0.00    0.00    0.00    0.00    0.00   19.19
20:06:07      10   82.00    0.00    0.00    0.00    0.00    0.00    0.00    0.00   18.00
20:06:07      11   86.00    0.00    0.00    0.00    0.00    0.00    0.00    0.00   14.00
20:06:07      12   78.79    0.00    0.00    0.00    0.00    0.00    0.00    0.00   21.21
20:06:07      13   77.00    0.00    1.00    0.00    0.00    0.00    0.00    0.00   22.00
20:06:07      14   85.86    0.00    0.00    0.00    0.00    0.00    0.00    0.00   14.14
20:06:07      15   70.00    0.00    0.00    0.00    0.00    0.00    0.00    0.00   30.00
20:06:07      16   74.00    0.00    0.00    0.00    0.00    0.00    0.00    0.00   26.00
20:06:07      17   87.00    0.00    0.00    0.00    0.00    0.00    0.00    0.00   13.00
20:06:07      18   83.00    0.00    0.00    0.00    0.00    0.00    0.00    0.00   17.00
20:06:07      19   85.86    0.00    0.00    0.00    0.00    0.00    0.00    0.00   14.14
20:06:07      20   88.00    0.00    0.00    0.00    0.00    0.00    0.00    0.00   12.00
20:06:07      21   79.00    0.00    0.00    0.00    0.00    0.00    0.00    0.00   21.00
20:06:07      22   81.00    0.00    0.00    0.00    0.00    0.00    0.00    0.00   19.00
20:06:07      23   77.78    0.00    0.00    0.00    0.00    0.00    0.00    0.00   22.22
20:06:07      24   84.85    0.00    0.00    0.00    0.00    0.00    0.00    0.00   15.15
20:06:07      25   80.00    0.00    0.00    0.00    0.00    0.00    0.00    0.00   20.00
20:06:07      26   70.30    0.00    0.00    0.00    0.00    0.00    0.00    0.00   29.70
20:06:07      27   86.00    0.00    0.00    0.00    0.00    0.00    0.00    0.00   14.00
20:06:07      28   83.00    0.00    0.00    0.00    0.00    0.00    0.00    0.00   17.00
20:06:07      29   84.16    0.00    0.99    0.00    0.00    0.00    0.00    0.00   14.85
20:06:07      30   82.00    0.00    0.00    0.00    0.00    0.00    0.00    0.00   18.00
20:06:07      31   77.23    0.00    0.00    0.00    0.00    0.00    0.00    0.00   22.77

20:06:07     CPU    %usr   %nice    %sys %iowait    %irq   %soft  %steal  %guest   %idle
20:06:08     all   82.26    0.00    0.06    0.00    0.00    0.00    0.00    0.00   17.68
20:06:08       0   89.90    0.00    0.00    0.00    0.00    0.00    0.00    0.00   10.10
20:06:08       1   83.17    0.00    0.99    0.00    0.00    0.00    0.00    0.00   15.84
20:06:08       2   82.83    0.00    0.00    0.00    0.00    0.00    0.00    0.00   17.17
20:06:08       3   82.83    0.00    0.00    0.00    0.00    0.00    0.00    0.00   17.17
20:06:08       4   82.00    0.00    0.00    0.00    0.00    0.00    0.00    0.00   18.00
20:06:08       5   85.00    0.00    0.00    0.00    0.00    0.00    0.00    0.00   15.00
20:06:08       6   82.83    0.00    0.00    0.00    0.00    0.00    0.00    0.00   17.17
20:06:08       7   81.00    0.00    0.00    0.00    0.00    0.00    0.00    0.00   19.00
20:06:08       8   88.00    0.00    0.00    0.00    0.00    0.00    0.00    0.00   12.00
20:06:08       9   91.00    0.00    0.00    0.00    0.00    0.00    0.00    0.00    9.00
20:06:08      10   82.83    0.00    0.00    0.00    0.00    0.00    0.00    0.00   17.17
20:06:08      11   79.00    0.00    0.00    0.00    0.00    0.00    0.00    0.00   21.00
20:06:08      12   90.10    0.00    0.00    0.00    0.00    0.00    0.00    0.00    9.90
20:06:08      13   78.00    0.00    0.00    0.00    0.00    0.00    0.00    0.00   22.00
20:06:08      14   83.00    0.00    0.00    0.00    0.00    0.00    0.00    0.00   17.00
20:06:08      15   76.77    0.00    0.00    0.00    0.00    0.00    0.00    0.00   23.23
20:06:08      16   75.25    0.00    0.00    0.00    0.00    0.00    0.00    0.00   24.75
20:06:08      17   79.21    0.00    0.00    0.00    0.00    0.00    0.00    0.00   20.79
20:06:08      18   85.86    0.00    0.00    0.00    0.00    0.00    0.00    0.00   14.14
20:06:08      19   84.00    0.00    0.00    0.00    0.00    0.00    0.00    0.00   16.00
20:06:08      20   83.84    0.00    0.00    0.00    0.00    0.00    0.00    0.00   16.16
20:06:08      21   79.80    0.00    0.00    0.00    0.00    0.00    0.00    0.00   20.20
20:06:08      22   84.85    0.00    0.00    0.00    0.00    0.00    0.00    0.00   15.15
20:06:08      23   81.00    0.00    0.00    0.00    0.00    0.00    0.00    0.00   19.00
20:06:08      24   87.13    0.00    0.00    0.00    0.00    0.00    0.00    0.00   12.87
20:06:08      25   84.85    0.00    0.00    0.00    0.00    0.00    0.00    0.00   15.15
20:06:08      26   89.00    0.00    0.00    0.00    0.00    0.00    0.00    0.00   11.00
20:06:08      27   69.31    0.00    0.00    0.00    0.00    0.00    0.00    0.00   30.69
20:06:08      28   85.00    0.00    0.00    0.00    0.00    0.00    0.00    0.00   15.00
20:06:08      29   76.00    0.00    0.00    0.00    0.00    0.00    0.00    0.00   24.00
20:06:08      30   77.23    0.00    0.99    0.00    0.00    0.00    0.00    0.00   21.78
20:06:08      31   72.73    0.00    0.00    0.00    0.00    0.00    0.00    0.00   27.27
