Linux 2.6.32-279.14.1.el6.x86_64 (compute-641-14.local) 	04/20/20 	_x86_64_	(32 CPU)

20:06:13     CPU    %usr   %nice    %sys %iowait    %irq   %soft  %steal  %guest   %idle
20:06:14     all   98.22    0.00    0.12    0.00    0.00    0.00    0.00    0.00    1.66
20:06:14       0   98.00    0.00    0.00    0.00    0.00    0.00    0.00    0.00    2.00
20:06:14       1   97.00    0.00    0.00    0.00    0.00    0.00    0.00    0.00    3.00
20:06:14       2   98.00    0.00    0.00    0.00    0.00    0.00    0.00    0.00    2.00
20:06:14       3   98.02    0.00    0.00    0.00    0.00    0.00    0.00    0.00    1.98
20:06:14       4   98.00    0.00    0.00    0.00    0.00    0.00    0.00    0.00    2.00
20:06:14       5   98.00    0.00    0.00    0.00    0.00    0.00    0.00    0.00    2.00
20:06:14       6   98.00    0.00    0.00    0.00    0.00    0.00    0.00    0.00    2.00
20:06:14       7   98.00    0.00    0.00    0.00    0.00    0.00    0.00    0.00    2.00
20:06:14       8   99.01    0.00    0.99    0.00    0.00    0.00    0.00    0.00    0.00
20:06:14       9   98.00    0.00    0.00    0.00    0.00    0.00    0.00    0.00    2.00
20:06:14      10   98.02    0.00    0.00    0.00    0.00    0.00    0.00    0.00    1.98
20:06:14      11   98.02    0.00    0.00    0.00    0.00    0.00    0.00    0.00    1.98
20:06:14      12   98.02    0.00    0.00    0.00    0.00    0.00    0.00    0.00    1.98
20:06:14      13   98.02    0.00    0.00    0.00    0.00    0.00    0.00    0.00    1.98
20:06:14      14   97.98    0.00    0.00    0.00    0.00    0.00    0.00    0.00    2.02
20:06:14      15   98.00    0.00    0.00    0.00    0.00    0.00    0.00    0.00    2.00
20:06:14      16   98.00    0.00    0.00    0.00    0.00    0.00    0.00    0.00    2.00
20:06:14      17  100.00    0.00    0.00    0.00    0.00    0.00    0.00    0.00    0.00
20:06:14      18   98.02    0.00    0.00    0.00    0.00    0.00    0.00    0.00    1.98
20:06:14      19   97.03    0.00    1.98    0.00    0.00    0.00    0.00    0.00    0.99
20:06:14      20  100.00    0.00    0.00    0.00    0.00    0.00    0.00    0.00    0.00
20:06:14      21  100.00    0.00    0.00    0.00    0.00    0.00    0.00    0.00    0.00
20:06:14      22   99.00    0.00    0.00    0.00    0.00    0.00    0.00    0.00    1.00
20:06:14      23   99.00    0.00    0.00    0.00    0.00    0.00    0.00    0.00    1.00
20:06:14      24   97.00    0.00    0.00    0.00    0.00    0.00    0.00    0.00    3.00
20:06:14      25   99.01    0.00    0.00    0.00    0.00    0.00    0.00    0.00    0.99
20:06:14      26  100.00    0.00    0.00    0.00    0.00    0.00    0.00    0.00    0.00
20:06:14      27   99.01    0.00    0.00    0.00    0.00    0.00    0.00    0.00    0.99
20:06:14      28   99.01    0.00    0.00    0.00    0.00    0.00    0.00    0.00    0.99
20:06:14      29   96.04    0.00    0.00    0.00    0.00    0.00    0.00    0.00    3.96
20:06:14      30   96.97    0.00    0.00    0.00    0.00    0.00    0.00    0.00    3.03
20:06:14      31   95.00    0.00    0.00    0.00    0.00    0.00    0.00    0.00    5.00

20:06:14     CPU    %usr   %nice    %sys %iowait    %irq   %soft  %steal  %guest   %idle
20:06:15     all  100.00    0.00    0.00    0.00    0.00    0.00    0.00    0.00    0.00
20:06:15       0  100.00    0.00    0.00    0.00    0.00    0.00    0.00    0.00    0.00
20:06:15       1  100.00    0.00    0.00    0.00    0.00    0.00    0.00    0.00    0.00
20:06:15       2  100.00    0.00    0.00    0.00    0.00    0.00    0.00    0.00    0.00
20:06:15       3  100.00    0.00    0.00    0.00    0.00    0.00    0.00    0.00    0.00
20:06:15       4  100.00    0.00    0.00    0.00    0.00    0.00    0.00    0.00    0.00
20:06:15       5  100.00    0.00    0.00    0.00    0.00    0.00    0.00    0.00    0.00
20:06:15       6  100.00    0.00    0.00    0.00    0.00    0.00    0.00    0.00    0.00
20:06:15       7  100.00    0.00    0.00    0.00    0.00    0.00    0.00    0.00    0.00
20:06:15       8  100.00    0.00    0.00    0.00    0.00    0.00    0.00    0.00    0.00
20:06:15       9  100.00    0.00    0.00    0.00    0.00    0.00    0.00    0.00    0.00
20:06:15      10  100.00    0.00    0.00    0.00    0.00    0.00    0.00    0.00    0.00
20:06:15      11  100.00    0.00    0.00    0.00    0.00    0.00    0.00    0.00    0.00
20:06:15      12  100.00    0.00    0.00    0.00    0.00    0.00    0.00    0.00    0.00
20:06:15      13  100.00    0.00    0.00    0.00    0.00    0.00    0.00    0.00    0.00
20:06:15      14  100.00    0.00    0.00    0.00    0.00    0.00    0.00    0.00    0.00
20:06:15      15  100.00    0.00    0.00    0.00    0.00    0.00    0.00    0.00    0.00
20:06:15      16  100.00    0.00    0.00    0.00    0.00    0.00    0.00    0.00    0.00
20:06:15      17  100.00    0.00    0.00    0.00    0.00    0.00    0.00    0.00    0.00
20:06:15      18  100.00    0.00    0.00    0.00    0.00    0.00    0.00    0.00    0.00
20:06:15      19  100.00    0.00    0.00    0.00    0.00    0.00    0.00    0.00    0.00
20:06:15      20  100.00    0.00    0.00    0.00    0.00    0.00    0.00    0.00    0.00
20:06:15      21  100.00    0.00    0.00    0.00    0.00    0.00    0.00    0.00    0.00
20:06:15      22  100.00    0.00    0.00    0.00    0.00    0.00    0.00    0.00    0.00
20:06:15      23  100.00    0.00    0.00    0.00    0.00    0.00    0.00    0.00    0.00
20:06:15      24  100.00    0.00    0.00    0.00    0.00    0.00    0.00    0.00    0.00
20:06:15      25  100.00    0.00    0.00    0.00    0.00    0.00    0.00    0.00    0.00
20:06:15      26  100.00    0.00    0.00    0.00    0.00    0.00    0.00    0.00    0.00
20:06:15      27  100.00    0.00    0.00    0.00    0.00    0.00    0.00    0.00    0.00
20:06:15      28  100.00    0.00    0.00    0.00    0.00    0.00    0.00    0.00    0.00
20:06:15      29  100.00    0.00    0.00    0.00    0.00    0.00    0.00    0.00    0.00
20:06:15      30  100.00    0.00    0.00    0.00    0.00    0.00    0.00    0.00    0.00
20:06:15      31  100.00    0.00    0.00    0.00    0.00    0.00    0.00    0.00    0.00

20:06:15     CPU    %usr   %nice    %sys %iowait    %irq   %soft  %steal  %guest   %idle
20:06:16     all   99.44    0.00    0.00    0.00    0.00    0.00    0.00    0.00    0.56
20:06:16       0  100.00    0.00    0.00    0.00    0.00    0.00    0.00    0.00    0.00
20:06:16       1  100.00    0.00    0.00    0.00    0.00    0.00    0.00    0.00    0.00
20:06:16       2  100.00    0.00    0.00    0.00    0.00    0.00    0.00    0.00    0.00
20:06:16       3  100.00    0.00    0.00    0.00    0.00    0.00    0.00    0.00    0.00
20:06:16       4  100.00    0.00    0.00    0.00    0.00    0.00    0.00    0.00    0.00
20:06:16       5  100.00    0.00    0.00    0.00    0.00    0.00    0.00    0.00    0.00
20:06:16       6  100.00    0.00    0.00    0.00    0.00    0.00    0.00    0.00    0.00
20:06:16       7  100.00    0.00    0.00    0.00    0.00    0.00    0.00    0.00    0.00
20:06:16       8  100.00    0.00    0.00    0.00    0.00    0.00    0.00    0.00    0.00
20:06:16       9  100.00    0.00    0.00    0.00    0.00    0.00    0.00    0.00    0.00
20:06:16      10  100.00    0.00    0.00    0.00    0.00    0.00    0.00    0.00    0.00
20:06:16      11  100.00    0.00    0.00    0.00    0.00    0.00    0.00    0.00    0.00
20:06:16      12  100.00    0.00    0.00    0.00    0.00    0.00    0.00    0.00    0.00
20:06:16      13  100.00    0.00    0.00    0.00    0.00    0.00    0.00    0.00    0.00
20:06:16      14  100.00    0.00    0.00    0.00    0.00    0.00    0.00    0.00    0.00
20:06:16      15  100.00    0.00    0.00    0.00    0.00    0.00    0.00    0.00    0.00
20:06:16      16  100.00    0.00    0.00    0.00    0.00    0.00    0.00    0.00    0.00
20:06:16      17  100.00    0.00    0.00    0.00    0.00    0.00    0.00    0.00    0.00
20:06:16      18  100.00    0.00    0.00    0.00    0.00    0.00    0.00    0.00    0.00
20:06:16      19  100.00    0.00    0.00    0.00    0.00    0.00    0.00    0.00    0.00
20:06:16      20  100.00    0.00    0.00    0.00    0.00    0.00    0.00    0.00    0.00
20:06:16      21  100.00    0.00    0.00    0.00    0.00    0.00    0.00    0.00    0.00
20:06:16      22  100.00    0.00    0.00    0.00    0.00    0.00    0.00    0.00    0.00
20:06:16      23  100.00    0.00    0.00    0.00    0.00    0.00    0.00    0.00    0.00
20:06:16      24  100.00    0.00    0.00    0.00    0.00    0.00    0.00    0.00    0.00
20:06:16      25   81.82    0.00    0.00    0.00    0.00    0.00    0.00    0.00   18.18
20:06:16      26  100.00    0.00    0.00    0.00    0.00    0.00    0.00    0.00    0.00
20:06:16      27  100.00    0.00    0.00    0.00    0.00    0.00    0.00    0.00    0.00
20:06:16      28  100.00    0.00    0.00    0.00    0.00    0.00    0.00    0.00    0.00
20:06:16      29  100.00    0.00    0.00    0.00    0.00    0.00    0.00    0.00    0.00
20:06:16      30  100.00    0.00    0.00    0.00    0.00    0.00    0.00    0.00    0.00
20:06:16      31  100.00    0.00    0.00    0.00    0.00    0.00    0.00    0.00    0.00

20:06:16     CPU    %usr   %nice    %sys %iowait    %irq   %soft  %steal  %guest   %idle
20:06:17     all   96.53    0.00    0.00    0.00    0.00    0.00    0.00    0.00    3.47
20:06:17       0  100.00    0.00    0.00    0.00    0.00    0.00    0.00    0.00    0.00
20:06:17       1  100.00    0.00    0.00    0.00    0.00    0.00    0.00    0.00    0.00
20:06:17       2  100.00    0.00    0.00    0.00    0.00    0.00    0.00    0.00    0.00
20:06:17       3  100.00    0.00    0.00    0.00    0.00    0.00    0.00    0.00    0.00
20:06:17       4  100.00    0.00    0.00    0.00    0.00    0.00    0.00    0.00    0.00
20:06:17       5  100.00    0.00    0.00    0.00    0.00    0.00    0.00    0.00    0.00
20:06:17       6  100.00    0.00    0.00    0.00    0.00    0.00    0.00    0.00    0.00
20:06:17       7  100.00    0.00    0.00    0.00    0.00    0.00    0.00    0.00    0.00
20:06:17       8  100.00    0.00    0.00    0.00    0.00    0.00    0.00    0.00    0.00
20:06:17       9  100.00    0.00    0.00    0.00    0.00    0.00    0.00    0.00    0.00
20:06:17      10  100.00    0.00    0.00    0.00    0.00    0.00    0.00    0.00    0.00
20:06:17      11  100.00    0.00    0.00    0.00    0.00    0.00    0.00    0.00    0.00
20:06:17      12  100.00    0.00    0.00    0.00    0.00    0.00    0.00    0.00    0.00
20:06:17      13  100.00    0.00    0.00    0.00    0.00    0.00    0.00    0.00    0.00
20:06:17      14   99.01    0.00    0.00    0.00    0.00    0.00    0.00    0.00    0.99
20:06:17      15  100.00    0.00    0.00    0.00    0.00    0.00    0.00    0.00    0.00
20:06:17      16  100.00    0.00    0.00    0.00    0.00    0.00    0.00    0.00    0.00
20:06:17      17  100.00    0.00    0.00    0.00    0.00    0.00    0.00    0.00    0.00
20:06:17      18  100.00    0.00    0.00    0.00    0.00    0.00    0.00    0.00    0.00
20:06:17      19  100.00    0.00    0.00    0.00    0.00    0.00    0.00    0.00    0.00
20:06:17      20  100.00    0.00    0.00    0.00    0.00    0.00    0.00    0.00    0.00
20:06:17      21  100.00    0.00    0.00    0.00    0.00    0.00    0.00    0.00    0.00
20:06:17      22  100.00    0.00    0.00    0.00    0.00    0.00    0.00    0.00    0.00
20:06:17      23  100.00    0.00    0.00    0.00    0.00    0.00    0.00    0.00    0.00
20:06:17      24   89.00    0.00    0.00    0.00    0.00    0.00    0.00    0.00   11.00
20:06:17      25    0.00    0.00    0.00    0.00    0.00    0.00    0.00    0.00  100.00
20:06:17      26  100.00    0.00    0.00    0.00    0.00    0.00    0.00    0.00    0.00
20:06:17      27  100.00    0.00    0.00    0.00    0.00    0.00    0.00    0.00    0.00
20:06:17      28  100.00    0.00    0.00    0.00    0.00    0.00    0.00    0.00    0.00
20:06:17      29  100.00    0.00    0.00    0.00    0.00    0.00    0.00    0.00    0.00
20:06:17      30  100.00    0.00    0.00    0.00    0.00    0.00    0.00    0.00    0.00
20:06:17      31  100.00    0.00    0.00    0.00    0.00    0.00    0.00    0.00    0.00

20:06:17     CPU    %usr   %nice    %sys %iowait    %irq   %soft  %steal  %guest   %idle
20:06:18     all   77.79    0.00    0.06    0.00    0.00    0.00    0.00    0.00   22.15
20:06:18       0   52.00    0.00    0.00    0.00    0.00    0.00    0.00    0.00   48.00
20:06:18       1  100.00    0.00    0.00    0.00    0.00    0.00    0.00    0.00    0.00
20:06:18       2   84.16    0.00    0.00    0.00    0.00    0.00    0.00    0.00   15.84
20:06:18       3   79.00    0.00    0.00    0.00    0.00    0.00    0.00    0.00   21.00
20:06:18       4   65.66    0.00    0.00    0.00    0.00    0.00    0.00    0.00   34.34
20:06:18       5   82.00    0.00    0.00    0.00    0.00    0.00    0.00    0.00   18.00
20:06:18       6   49.50    0.00    0.99    0.00    0.00    0.00    0.00    0.00   49.50
20:06:18       7   75.00    0.00    0.00    0.00    0.00    0.00    0.00    0.00   25.00
20:06:18       8   99.00    0.00    0.00    0.00    0.00    0.00    0.00    0.00    1.00
20:06:18       9  100.00    0.00    0.00    0.00    0.00    0.00    0.00    0.00    0.00
20:06:18      10   98.99    0.00    0.00    0.00    0.00    0.00    0.00    0.00    1.01
20:06:18      11  100.00    0.00    0.00    0.00    0.00    0.00    0.00    0.00    0.00
20:06:18      12   51.00    0.00    0.00    0.00    0.00    0.00    0.00    0.00   49.00
20:06:18      13  100.00    0.00    0.00    0.00    0.00    0.00    0.00    0.00    0.00
20:06:18      14   60.61    0.00    0.00    0.00    0.00    0.00    0.00    0.00   39.39
20:06:18      15  100.00    0.00    0.00    0.00    0.00    0.00    0.00    0.00    0.00
20:06:18      16   98.99    0.00    0.00    0.00    0.00    0.00    0.00    0.00    1.01
20:06:18      17   70.30    0.00    0.00    0.00    0.00    0.00    0.00    0.00   29.70
20:06:18      18  100.00    0.00    0.00    0.00    0.00    0.00    0.00    0.00    0.00
20:06:18      19   73.00    0.00    0.00    0.00    0.00    0.00    0.00    0.00   27.00
20:06:18      20   67.00    0.00    0.00    0.00    0.00    0.00    0.00    0.00   33.00
20:06:18      21   99.00    0.00    0.00    0.00    0.00    0.00    0.00    0.00    1.00
20:06:18      22   48.48    0.00    0.00    0.00    0.00    0.00    0.00    0.00   51.52
20:06:18      23   64.65    0.00    0.00    0.00    0.00    0.00    0.00    0.00   35.35
20:06:18      24   39.00    0.00    0.00    0.00    0.00    0.00    0.00    0.00   61.00
20:06:18      25    1.00    0.00    0.00    0.00    0.00    0.00    0.00    0.00   99.00
20:06:18      26  100.00    0.00    0.00    0.00    0.00    0.00    0.00    0.00    0.00
20:06:18      27   50.51    0.00    0.00    0.00    0.00    0.00    0.00    0.00   49.49
20:06:18      28  100.00    0.00    0.00    0.00    0.00    0.00    0.00    0.00    0.00
20:06:18      29  100.00    0.00    0.00    0.00    0.00    0.00    0.00    0.00    0.00
20:06:18      30   82.18    0.00    0.00    0.00    0.00    0.00    0.00    0.00   17.82
20:06:18      31  100.00    0.00    0.00    0.00    0.00    0.00    0.00    0.00    0.00

20:06:18     CPU    %usr   %nice    %sys %iowait    %irq   %soft  %steal  %guest   %idle
20:06:19     all   38.73    0.00    0.06    0.03    0.00    0.00    0.00    0.00   61.18
20:06:19       0    0.00    0.00    1.01    0.00    0.00    0.00    0.00    0.00   98.99
20:06:19       1    1.00    0.00    0.00    0.00    0.00    0.00    0.00    0.00   99.00
20:06:19       2    0.00    0.00    0.00    0.00    0.00    0.00    0.00    0.00  100.00
20:06:19       3   99.00    0.00    0.00    0.00    0.00    0.00    0.00    0.00    1.00
20:06:19       4  100.00    0.00    0.00    0.00    0.00    0.00    0.00    0.00    0.00
20:06:19       5    0.00    0.00    0.00    0.00    0.00    0.00    0.00    0.00  100.00
20:06:19       6    0.00    0.00    0.00    0.00    0.00    0.00    0.00    0.00  100.00
20:06:19       7    0.00    0.00    0.00    0.00    0.00    0.00    0.00    0.00  100.00
20:06:19       8   67.00    0.00    0.00    0.00    0.00    0.00    0.00    0.00   33.00
20:06:19       9   50.00    0.00    0.00    0.00    0.00    0.00    0.00    0.00   50.00
20:06:19      10   60.40    0.00    0.00    0.00    0.00    0.00    0.00    0.00   39.60
20:06:19      11   64.65    0.00    0.00    0.00    0.00    0.00    0.00    0.00   35.35
20:06:19      12    0.00    0.00    0.00    0.00    0.00    0.00    0.00    0.00  100.00
20:06:19      13   91.00    0.00    0.00    0.00    0.00    0.00    0.00    0.00    9.00
20:06:19      14    0.00    0.00    0.00    0.00    0.00    0.00    0.00    0.00  100.00
20:06:19      15    0.00    0.00    0.00    0.00    0.00    0.00    0.00    0.00  100.00
20:06:19      16  100.00    0.00    0.00    0.00    0.00    0.00    0.00    0.00    0.00
20:06:19      17    0.00    0.00    1.01    0.00    0.00    0.00    0.00    0.00   98.99
20:06:19      18   80.00    0.00    0.00    0.00    0.00    0.00    0.00    0.00   20.00
20:06:19      19    0.00    0.00    0.00    0.00    0.00    0.00    0.00    0.00  100.00
20:06:19      20    0.00    0.00    0.00    0.00    0.00    0.00    0.00    0.00  100.00
20:06:19      21  100.00    0.00    0.00    0.00    0.00    0.00    0.00    0.00    0.00
20:06:19      22    0.00    0.00    0.00    0.00    0.00    0.00    0.00    0.00  100.00
20:06:19      23    0.00    0.00    0.00    0.00    0.00    0.00    0.00    0.00  100.00
20:06:19      24    0.00    0.00    0.00    0.00    0.00    0.00    0.00    0.00  100.00
20:06:19      25    0.00    0.00    0.99    0.00    0.00    0.00    0.00    0.00   99.01
20:06:19      26   44.00    0.00    0.00    0.00    0.00    0.00    0.00    0.00   56.00
20:06:19      27   99.01    0.00    0.00    0.00    0.00    0.00    0.00    0.00    0.99
20:06:19      28  100.00    0.00    0.00    0.00    0.00    0.00    0.00    0.00    0.00
20:06:19      29  100.00    0.00    0.00    0.00    0.00    0.00    0.00    0.00    0.00
20:06:19      30   16.00    0.00    0.00    0.00    0.00    0.00    0.00    0.00   84.00
20:06:19      31   67.00    0.00    0.00    0.00    0.00    0.00    0.00    0.00   33.00

20:06:19     CPU    %usr   %nice    %sys %iowait    %irq   %soft  %steal  %guest   %idle
20:06:20     all    5.19    0.00    0.09    0.00    0.00    0.00    0.00    0.00   94.72
20:06:20       0    0.00    0.00    2.00    0.00    0.00    0.00    0.00    0.00   98.00
20:06:20       1    0.00    0.00    0.00    0.00    0.00    0.00    0.00    0.00  100.00
20:06:20       2    0.00    0.00    0.00    0.00    0.00    0.00    0.00    0.00  100.00
20:06:20       3   26.00    0.00    0.00    0.00    0.00    0.00    0.00    0.00   74.00
20:06:20       4    7.92    0.00    0.00    0.00    0.00    0.00    0.00    0.00   92.08
20:06:20       5    0.00    0.00    0.00    0.00    0.00    0.00    0.00    0.00  100.00
20:06:20       6    0.00    0.00    0.00    0.00    0.00    0.00    0.00    0.00  100.00
20:06:20       7    0.00    0.00    0.00    0.00    0.00    0.00    0.00    0.00  100.00
20:06:20       8    0.00    0.00    0.00    0.00    0.00    0.00    0.00    0.00  100.00
20:06:20       9    0.00    0.00    0.99    0.00    0.00    0.00    0.00    0.00   99.01
20:06:20      10    0.00    0.00    0.00    0.00    0.00    0.00    0.00    0.00  100.00
20:06:20      11    0.00    0.00    0.00    0.00    0.00    0.00    0.00    0.00  100.00
20:06:20      12    0.00    0.00    0.00    0.00    0.00    0.00    0.00    0.00  100.00
20:06:20      13    0.00    0.00    0.00    0.00    0.00    0.00    0.00    0.00  100.00
20:06:20      14    0.00    0.00    0.00    0.00    0.00    0.00    0.00    0.00  100.00
20:06:20      15    0.00    0.00    0.00    0.00    0.00    0.00    0.00    0.00  100.00
20:06:20      16   52.48    0.00    0.00    0.00    0.00    0.00    0.00    0.00   47.52
20:06:20      17    0.00    0.00    1.01    0.00    0.00    0.00    0.00    0.00   98.99
20:06:20      18    0.00    0.00    0.00    0.00    0.00    0.00    0.00    0.00  100.00
20:06:20      19    0.00    0.00    0.00    0.00    0.00    0.00    0.00    0.00  100.00
20:06:20      20    0.00    0.00    0.00    0.00    0.00    0.00    0.00    0.00  100.00
20:06:20      21   59.00    0.00    0.00    0.00    0.00    0.00    0.00    0.00   41.00
20:06:20      22    0.00    0.00    0.00    0.00    0.00    0.00    0.00    0.00  100.00
20:06:20      23    0.00    0.00    0.00    0.00    0.00    0.00    0.00    0.00  100.00
20:06:20      24    0.00    0.00    0.00    0.00    0.00    0.00    0.00    0.00  100.00
20:06:20      25    0.00    0.00    0.00    0.00    0.00    0.00    0.00    0.00  100.00
20:06:20      26    0.00    0.00    0.00    0.00    0.00    0.00    0.00    0.00  100.00
20:06:20      27    8.00    0.00    0.00    0.00    0.00    0.00    0.00    0.00   92.00
20:06:20      28    0.00    0.00    0.00    0.00    0.00    0.00    0.00    0.00  100.00
20:06:20      29   11.88    0.00    0.00    0.00    0.00    0.00    0.00    0.00   88.12
20:06:20      30    0.00    0.00    0.00    0.00    0.00    0.00    0.00    0.00  100.00
20:06:20      31    0.00    0.00    0.00    0.00    0.00    0.00    0.00    0.00  100.00

20:06:20     CPU    %usr   %nice    %sys %iowait    %irq   %soft  %steal  %guest   %idle
20:06:21     all    0.00    0.00    0.06    0.00    0.00    0.00    0.00    0.00   99.94
20:06:21       0    0.00    0.00    0.00    0.00    0.00    0.00    0.00    0.00  100.00
20:06:21       1    0.00    0.00    1.02    0.00    0.00    0.00    0.00    0.00   98.98
20:06:21       2    0.00    0.00    0.00    0.00    0.00    0.00    0.00    0.00  100.00
20:06:21       3    0.00    0.00    0.00    0.00    0.00    0.00    0.00    0.00  100.00
20:06:21       4    0.00    0.00    0.00    0.00    0.00    0.00    0.00    0.00  100.00
20:06:21       5    0.00    0.00    0.00    0.00    0.00    0.00    0.00    0.00  100.00
20:06:21       6    0.00    0.00    0.00    0.00    0.00    0.00    0.00    0.00  100.00
20:06:21       7    0.00    0.00    0.00    0.00    0.00    0.00    0.00    0.00  100.00
20:06:21       8    0.00    0.00    0.00    0.00    0.00    0.00    0.00    0.00  100.00
20:06:21       9    0.00    0.00    0.00    0.00    0.00    0.00    0.00    0.00  100.00
20:06:21      10    0.00    0.00    0.00    0.00    0.00    0.00    0.00    0.00  100.00
20:06:21      11    0.00    0.00    0.00    0.00    0.00    0.00    0.00    0.00  100.00
20:06:21      12    0.00    0.00    0.00    0.00    0.00    0.00    0.00    0.00  100.00
20:06:21      13    0.00    0.00    0.00    0.00    0.00    0.00    0.00    0.00  100.00
20:06:21      14    0.00    0.00    0.00    0.00    0.00    0.00    0.00    0.00  100.00
20:06:21      15    0.00    0.00    0.00    0.00    0.00    0.00    0.00    0.00  100.00
20:06:21      16    0.00    0.00    0.00    0.00    0.00    0.00    0.00    0.00  100.00
20:06:21      17    0.00    0.00    0.00    0.00    0.00    0.00    0.00    0.00  100.00
20:06:21      18    0.00    0.00    0.00    0.00    0.00    0.00    0.00    0.00  100.00
20:06:21      19    0.00    0.00    0.00    0.00    0.00    0.00    0.00    0.00  100.00
20:06:21      20    0.00    0.00    0.00    0.00    0.00    0.00    0.00    0.00  100.00
20:06:21      21    0.00    0.00    0.00    0.00    0.00    0.00    0.00    0.00  100.00
20:06:21      22    0.00    0.00    0.00    0.00    0.00    0.00    0.00    0.00  100.00
20:06:21      23    0.00    0.00    0.00    0.00    0.00    0.00    0.00    0.00  100.00
20:06:21      24    0.00    0.00    0.00    0.00    0.00    0.00    0.00    0.00  100.00
20:06:21      25    0.00    0.00    0.00    0.00    0.00    0.00    0.00    0.00  100.00
20:06:21      26    0.00    0.00    0.00    0.00    0.00    0.00    0.00    0.00  100.00
20:06:21      27    0.00    0.00    0.00    0.00    0.00    0.00    0.00    0.00  100.00
20:06:21      28    0.00    0.00    0.00    0.00    0.00    0.00    0.00    0.00  100.00
20:06:21      29    0.00    0.00    0.00    0.00    0.00    0.00    0.00    0.00  100.00
20:06:21      30    0.00    0.00    0.00    0.00    0.00    0.00    0.00    0.00  100.00
20:06:21      31    0.00    0.00    0.00    0.00    0.00    0.00    0.00    0.00  100.00

20:06:21     CPU    %usr   %nice    %sys %iowait    %irq   %soft  %steal  %guest   %idle
20:06:22     all    0.00    0.00    0.06    0.00    0.00    0.00    0.00    0.00   99.94
20:06:22       0    0.00    0.00    1.02    0.00    0.00    0.00    0.00    0.00   98.98
20:06:22       1    1.02    0.00    0.00    0.00    0.00    0.00    0.00    0.00   98.98
20:06:22       2    0.00    0.00    0.00    0.00    0.00    0.00    0.00    0.00  100.00
20:06:22       3    0.00    0.00    0.00    0.00    0.00    0.00    0.00    0.00  100.00
20:06:22       4    0.00    0.00    0.00    0.00    0.00    0.00    0.00    0.00  100.00
20:06:22       5    0.00    0.00    0.00    0.00    0.00    0.00    0.00    0.00  100.00
20:06:22       6    0.00    0.00    0.00    0.00    0.00    0.00    0.00    0.00  100.00
20:06:22       7    0.00    0.00    0.00    0.00    0.00    0.00    0.00    0.00  100.00
20:06:22       8    0.00    0.00    0.00    0.00    0.00    0.00    0.00    0.00  100.00
20:06:22       9    0.00    0.00    0.00    0.00    0.00    0.00    0.00    0.00  100.00
20:06:22      10    0.00    0.00    0.00    0.00    0.00    0.00    0.00    0.00  100.00
20:06:22      11    0.00    0.00    0.00    0.00    0.00    0.00    0.00    0.00  100.00
20:06:22      12    0.00    0.00    0.00    0.00    0.00    0.00    0.00    0.00  100.00
20:06:22      13    0.00    0.00    0.00    0.00    0.00    0.00    0.00    0.00  100.00
20:06:22      14    0.00    0.00    0.00    0.00    0.00    0.00    0.00    0.00  100.00
20:06:22      15    0.00    0.00    0.00    0.00    0.00    0.00    0.00    0.00  100.00
20:06:22      16    0.00    0.00    0.00    0.00    0.00    0.00    0.00    0.00  100.00
20:06:22      17    0.00    0.00    0.00    0.00    0.00    0.00    0.00    0.00  100.00
20:06:22      18    0.00    0.00    0.00    0.00    0.00    0.00    0.00    0.00  100.00
20:06:22      19    0.00    0.00    0.00    0.00    0.00    0.00    0.00    0.00  100.00
20:06:22      20    0.00    0.00    0.00    0.00    0.00    0.00    0.00    0.00  100.00
20:06:22      21    0.00    0.00    0.00    0.00    0.00    0.00    0.00    0.00  100.00
20:06:22      22    0.00    0.00    0.00    0.00    0.00    0.00    0.00    0.00  100.00
20:06:22      23    0.00    0.00    0.00    0.00    0.00    0.00    0.00    0.00  100.00
20:06:22      24    0.00    0.00    0.00    0.00    0.00    0.00    0.00    0.00  100.00
20:06:22      25    0.00    0.00    0.00    0.00    0.00    0.00    0.00    0.00  100.00
20:06:22      26    0.00    0.00    0.00    0.00    0.00    0.00    0.00    0.00  100.00
20:06:22      27    0.00    0.00    0.00    0.00    0.00    0.00    0.00    0.00  100.00
20:06:22      28    0.00    0.00    0.00    0.00    0.00    0.00    0.00    0.00  100.00
20:06:22      29    0.00    0.00    0.00    0.00    0.00    0.00    0.00    0.00  100.00
20:06:22      30    0.00    0.00    0.00    0.00    0.00    0.00    0.00    0.00  100.00
20:06:22      31    0.00    0.00    0.00    0.00    0.00    0.00    0.00    0.00  100.00

20:06:22     CPU    %usr   %nice    %sys %iowait    %irq   %soft  %steal  %guest   %idle
20:06:23     all    0.00    0.00    0.06    0.00    0.00    0.00    0.00    0.00   99.94
20:06:23       0    0.00    0.00    1.02    0.00    0.00    0.00    0.00    0.00   98.98
20:06:23       1    0.00    0.00    1.02    0.00    0.00    0.00    0.00    0.00   98.98
20:06:23       2    0.00    0.00    0.00    0.00    0.00    0.00    0.00    0.00  100.00
20:06:23       3    0.00    0.00    0.00    0.00    0.00    0.00    0.00    0.00  100.00
20:06:23       4    0.00    0.00    0.00    0.00    0.00    0.00    0.00    0.00  100.00
20:06:23       5    0.00    0.00    0.00    0.00    0.00    0.00    0.00    0.00  100.00
20:06:23       6    0.00    0.00    0.00    0.00    0.00    0.00    0.00    0.00  100.00
20:06:23       7    0.00    0.00    0.00    0.00    0.00    0.00    0.00    0.00  100.00
20:06:23       8    0.00    0.00    0.00    0.00    0.00    0.00    0.00    0.00  100.00
20:06:23       9    0.00    0.00    0.00    0.00    0.00    0.00    0.00    0.00  100.00
20:06:23      10    0.00    0.00    0.00    0.00    0.00    0.00    0.00    0.00  100.00
20:06:23      11    0.00    0.00    0.00    0.00    0.00    0.00    0.00    0.00  100.00
20:06:23      12    0.00    0.00    0.00    0.00    0.00    0.00    0.00    0.00  100.00
20:06:23      13    0.00    0.00    0.00    0.00    0.00    0.00    0.00    0.00  100.00
20:06:23      14    0.00    0.00    0.00    0.00    0.00    0.00    0.00    0.00  100.00
20:06:23      15    0.00    0.00    0.00    0.00    0.00    0.00    0.00    0.00  100.00
20:06:23      16    0.00    0.00    0.00    0.00    0.00    0.00    0.00    0.00  100.00
20:06:23      17    0.00    0.00    0.00    0.00    0.00    0.00    0.00    0.00  100.00
20:06:23      18    0.00    0.00    0.00    0.00    0.00    0.00    0.00    0.00  100.00
20:06:23      19    0.00    0.00    0.00    0.00    0.00    0.00    0.00    0.00  100.00
20:06:23      20    0.00    0.00    0.00    0.00    0.00    0.00    0.00    0.00  100.00
20:06:23      21    0.00    0.00    0.00    0.00    0.00    0.00    0.00    0.00  100.00
20:06:23      22    0.00    0.00    0.00    0.00    0.00    0.00    0.00    0.00  100.00
20:06:23      23    0.00    0.00    0.00    0.00    0.00    0.00    0.00    0.00  100.00
20:06:23      24    0.00    0.00    0.00    0.00    0.00    0.00    0.00    0.00  100.00
20:06:23      25    0.00    0.00    0.99    0.00    0.00    0.00    0.00    0.00   99.01
20:06:23      26    0.00    0.00    0.00    0.00    0.00    0.00    0.00    0.00  100.00
20:06:23      27    0.00    0.00    0.00    0.00    0.00    0.00    0.00    0.00  100.00
20:06:23      28    0.99    0.00    0.00    0.00    0.00    0.00    0.00    0.00   99.01
20:06:23      29    0.00    0.00    0.00    0.00    0.00    0.00    0.00    0.00  100.00
20:06:23      30    0.00    0.00    0.00    0.00    0.00    0.00    0.00    0.00  100.00
20:06:23      31    0.00    0.00    0.00    0.00    0.00    0.00    0.00    0.00  100.00

20:06:23     CPU    %usr   %nice    %sys %iowait    %irq   %soft  %steal  %guest   %idle
20:06:24     all    0.00    0.00    0.09    0.00    0.00    0.00    0.00    0.00   99.91
20:06:24       0    0.00    0.00    1.02    0.00    0.00    0.00    0.00    0.00   98.98
20:06:24       1    0.00    0.00    0.00    0.00    0.00    0.00    0.00    0.00  100.00
20:06:24       2    0.00    0.00    0.00    0.00    0.00    0.00    0.00    0.00  100.00
20:06:24       3    0.00    0.00    0.00    0.00    0.00    0.00    0.00    0.00  100.00
20:06:24       4    0.00    0.00    0.00    0.00    0.00    0.00    0.00    0.00  100.00
20:06:24       5    0.00    0.00    0.00    0.00    0.00    0.00    0.00    0.00  100.00
20:06:24       6    0.00    0.00    0.00    0.00    0.00    0.00    0.00    0.00  100.00
20:06:24       7    0.00    0.00    0.00    0.00    0.00    0.00    0.00    0.00  100.00
20:06:24       8    0.00    0.00    0.00    0.00    0.00    0.00    0.00    0.00  100.00
20:06:24       9    0.00    0.00    0.00    0.00    0.00    0.00    0.00    0.00  100.00
20:06:24      10    0.00    0.00    0.00    0.00    0.00    0.00    0.00    0.00  100.00
20:06:24      11    0.00    0.00    0.00    0.00    0.00    0.00    0.00    0.00  100.00
20:06:24      12    0.00    0.00    0.00    0.00    0.00    0.00    0.00    0.00  100.00
20:06:24      13    0.00    0.00    0.00    0.00    0.00    0.00    0.00    0.00  100.00
20:06:24      14    0.00    0.00    0.00    0.00    0.00    0.00    0.00    0.00  100.00
20:06:24      15    0.00    0.00    0.00    0.00    0.00    0.00    0.00    0.00  100.00
20:06:24      16    0.00    0.00    0.00    0.00    0.00    0.00    0.00    0.00  100.00
20:06:24      17    0.00    0.00    0.00    0.00    0.00    0.00    0.00    0.00  100.00
20:06:24      18    0.00    0.00    0.00    0.00    0.00    0.00    0.00    0.00  100.00
20:06:24      19    0.00    0.00    0.00    0.00    0.00    0.00    0.00    0.00  100.00
20:06:24      20    0.00    0.00    0.00    0.00    0.00    0.00    0.00    0.00  100.00
20:06:24      21    0.00    0.00    0.00    0.00    0.00    0.00    0.00    0.00  100.00
20:06:24      22    0.00    0.00    0.00    0.00    0.00    0.00    0.00    0.00  100.00
20:06:24      23    0.00    0.00    0.00    0.00    0.00    0.00    0.00    0.00  100.00
20:06:24      24    0.00    0.00    0.00    0.00    0.00    0.00    0.00    0.00  100.00
20:06:24      25    0.00    0.00    0.00    0.00    0.00    0.00    0.00    0.00  100.00
20:06:24      26    0.00    0.00    0.00    0.00    0.00    0.00    0.00    0.00  100.00
20:06:24      27    0.00    0.00    0.00    0.00    0.00    0.00    0.00    0.00  100.00
20:06:24      28    0.00    0.00    0.00    0.00    0.00    0.00    0.00    0.00  100.00
20:06:24      29    0.00    0.00    0.00    0.00    0.00    0.00    0.00    0.00  100.00
20:06:24      30    0.00    0.00    0.00    0.00    0.00    0.00    0.00    0.00  100.00
20:06:24      31    0.00    0.00    0.00    0.00    0.00    0.00    0.00    0.00  100.00

20:06:24     CPU    %usr   %nice    %sys %iowait    %irq   %soft  %steal  %guest   %idle
20:06:25     all    0.06    0.00    0.13    0.00    0.00    0.00    0.00    0.00   99.81
20:06:25       0    0.00    0.00    1.02    0.00    0.00    0.00    0.00    0.00   98.98
20:06:25       1    0.00    0.00    1.01    0.00    0.00    0.00    0.00    0.00   98.99
20:06:25       2    0.99    0.00    1.98    0.00    0.00    0.00    0.00    0.00   97.03
20:06:25       3    0.00    0.00    0.00    0.00    0.00    0.00    0.00    0.00  100.00
20:06:25       4    0.00    0.00    0.00    0.00    0.00    0.00    0.00    0.00  100.00
20:06:25       5    0.00    0.00    0.00    0.00    0.00    0.00    0.00    0.00  100.00
20:06:25       6    0.00    0.00    0.00    0.00    0.00    0.00    0.00    0.00  100.00
20:06:25       7    0.00    0.00    0.00    0.00    0.00    0.00    0.00    0.00  100.00
20:06:25       8    0.00    0.00    0.00    0.00    0.00    0.00    0.00    0.00  100.00
20:06:25       9    0.00    0.00    0.00    0.00    0.00    0.00    0.00    0.00  100.00
20:06:25      10    0.00    0.00    0.00    0.00    0.00    0.00    0.00    0.00  100.00
20:06:25      11    0.00    0.00    0.00    0.00    0.00    0.00    0.00    0.00  100.00
20:06:25      12    0.00    0.00    0.00    0.00    0.00    0.00    0.00    0.00  100.00
20:06:25      13    0.00    0.00    0.00    0.00    0.00    0.00    0.00    0.00  100.00
20:06:25      14    0.00    0.00    0.00    0.00    0.00    0.00    0.00    0.00  100.00
20:06:25      15    0.00    0.00    0.00    0.00    0.00    0.00    0.00    0.00  100.00
20:06:25      16    0.00    0.00    0.00    0.00    0.00    0.00    0.00    0.00  100.00
20:06:25      17    0.00    0.00    0.99    0.00    0.00    0.00    0.00    0.00   99.01
20:06:25      18    0.00    0.00    0.00    0.00    0.00    0.00    0.00    0.00  100.00
20:06:25      19    0.00    0.00    0.00    0.00    0.00    0.00    0.00    0.00  100.00
20:06:25      20    0.00    0.00    0.00    0.00    0.00    0.00    0.00    0.00  100.00
20:06:25      21    0.00    0.00    0.00    0.00    0.00    0.00    0.00    0.00  100.00
20:06:25      22    0.00    0.00    0.00    0.00    0.00    0.00    0.00    0.00  100.00
20:06:25      23    0.00    0.00    0.00    0.00    0.00    0.00    0.00    0.00  100.00
20:06:25      24    0.00    0.00    0.00    0.00    0.00    0.00    0.00    0.00  100.00
20:06:25      25    0.00    0.00    0.00    0.00    0.00    0.00    0.00    0.00  100.00
20:06:25      26    0.00    0.00    0.00    0.00    0.00    0.00    0.00    0.00  100.00
20:06:25      27    0.00    0.00    0.00    0.00    0.00    0.00    0.00    0.00  100.00
20:06:25      28    0.00    0.00    0.00    0.00    0.00    0.00    0.00    0.00  100.00
20:06:25      29    0.00    0.00    0.00    0.00    0.00    0.00    0.00    0.00  100.00
20:06:25      30    0.00    0.00    0.00    0.00    0.00    0.00    0.00    0.00  100.00
20:06:25      31    0.00    0.00    0.00    0.00    0.00    0.00    0.00    0.00  100.00

20:06:25     CPU    %usr   %nice    %sys %iowait    %irq   %soft  %steal  %guest   %idle
20:06:26     all    0.00    0.00    0.06    0.00    0.00    0.00    0.00    0.00   99.94
20:06:26       0    0.00    0.00    1.02    0.00    0.00    0.00    0.00    0.00   98.98
20:06:26       1    0.00    0.00    0.00    0.00    0.00    0.00    0.00    0.00  100.00
20:06:26       2    0.00    0.00    0.00    0.00    0.00    0.00    0.00    0.00  100.00
20:06:26       3    0.00    0.00    0.00    0.00    0.00    0.00    0.00    0.00  100.00
20:06:26       4    0.00    0.00    0.00    0.00    0.00    0.00    0.00    0.00  100.00
20:06:26       5    0.00    0.00    0.00    0.00    0.00    0.00    0.00    0.00  100.00
20:06:26       6    0.00    0.00    0.00    0.00    0.00    0.00    0.00    0.00  100.00
20:06:26       7    0.00    0.00    0.00    0.00    0.00    0.00    0.00    0.00  100.00
20:06:26       8    0.00    0.00    0.00    0.00    0.00    0.00    0.00    0.00  100.00
20:06:26       9    0.00    0.00    0.00    0.00    0.00    0.00    0.00    0.00  100.00
20:06:26      10    0.00    0.00    0.00    0.00    0.00    0.00    0.00    0.00  100.00
20:06:26      11    0.00    0.00    0.00    0.00    0.00    0.00    0.00    0.00  100.00
20:06:26      12    0.00    0.00    0.00    0.00    0.00    0.00    0.00    0.00  100.00
20:06:26      13    0.00    0.00    0.00    0.00    0.00    0.00    0.00    0.00  100.00
20:06:26      14    0.00    0.00    0.00    0.00    0.00    0.00    0.00    0.00  100.00
20:06:26      15    0.00    0.00    0.00    0.00    0.00    0.00    0.00    0.00  100.00
20:06:26      16    0.00    0.00    0.00    0.00    0.00    0.00    0.00    0.00  100.00
20:06:26      17    0.00    0.00    0.00    0.00    0.00    0.00    0.00    0.00  100.00
20:06:26      18    0.00    0.00    0.00    0.00    0.00    0.00    0.00    0.00  100.00
20:06:26      19    0.00    0.00    0.00    0.00    0.00    0.00    0.00    0.00  100.00
20:06:26      20    0.00    0.00    0.00    0.00    0.00    0.00    0.00    0.00  100.00
20:06:26      21    0.00    0.00    0.00    0.00    0.00    0.00    0.00    0.00  100.00
20:06:26      22    0.00    0.00    0.00    0.00    0.00    0.00    0.00    0.00  100.00
20:06:26      23    0.00    0.00    0.00    0.00    0.00    0.00    0.00    0.00  100.00
20:06:26      24    0.00    0.00    0.00    0.00    0.00    0.00    0.00    0.00  100.00
20:06:26      25    0.00    0.00    0.00    0.00    0.00    0.00    0.00    0.00  100.00
20:06:26      26    0.00    0.00    0.00    0.00    0.00    0.00    0.00    0.00  100.00
20:06:26      27    0.00    0.00    0.00    0.00    0.00    0.00    0.00    0.00  100.00
20:06:26      28    0.00    0.00    0.00    0.00    0.00    0.00    0.00    0.00  100.00
20:06:26      29    0.00    0.00    0.00    0.00    0.00    0.00    0.00    0.00  100.00
20:06:26      30    0.00    0.00    0.00    0.00    0.00    0.00    0.00    0.00  100.00
20:06:26      31    0.00    0.00    0.00    0.00    0.00    0.00    0.00    0.00  100.00

20:06:26     CPU    %usr   %nice    %sys %iowait    %irq   %soft  %steal  %guest   %idle
20:06:27     all    0.00    0.00    0.06    0.00    0.00    0.00    0.00    0.00   99.94
20:06:27       0    0.00    0.00    2.04    0.00    0.00    0.00    0.00    0.00   97.96
20:06:27       1    0.00    0.00    1.00    0.00    0.00    0.00    0.00    0.00   99.00
20:06:27       2    0.00    0.00    0.00    0.00    0.00    0.00    0.00    0.00  100.00
20:06:27       3    0.00    0.00    0.00    0.00    0.00    0.00    0.00    0.00  100.00
20:06:27       4    0.00    0.00    0.00    0.00    0.00    0.00    0.00    0.00  100.00
20:06:27       5    0.00    0.00    0.00    0.00    0.00    0.00    0.00    0.00  100.00
20:06:27       6    0.00    0.00    0.00    0.00    0.00    0.00    0.00    0.00  100.00
20:06:27       7    0.00    0.00    0.00    0.00    0.00    0.00    0.00    0.00  100.00
20:06:27       8    0.00    0.00    0.00    0.00    0.00    0.00    0.00    0.00  100.00
20:06:27       9    0.00    0.00    0.00    0.00    0.00    0.00    0.00    0.00  100.00
20:06:27      10    0.00    0.00    0.00    0.00    0.00    0.00    0.00    0.00  100.00
20:06:27      11    0.00    0.00    0.00    0.00    0.00    0.00    0.00    0.00  100.00
20:06:27      12    0.00    0.00    0.00    0.00    0.00    0.00    0.00    0.00  100.00
20:06:27      13    0.00    0.00    0.00    0.00    0.00    0.00    0.00    0.00  100.00
20:06:27      14    0.00    0.00    0.00    0.00    0.00    0.00    0.00    0.00  100.00
20:06:27      15    0.00    0.00    0.00    0.00    0.00    0.00    0.00    0.00  100.00
20:06:27      16    0.00    0.00    0.00    0.00    0.00    0.00    0.00    0.00  100.00
20:06:27      17    0.00    0.00    0.00    0.00    0.00    0.00    0.00    0.00  100.00
20:06:27      18    0.00    0.00    0.00    0.00    0.00    0.00    0.00    0.00  100.00
20:06:27      19    0.00    0.00    0.00    0.00    0.00    0.00    0.00    0.00  100.00
20:06:27      20    0.00    0.00    0.00    0.00    0.00    0.00    0.00    0.00  100.00
20:06:27      21    0.00    0.00    0.00    0.00    0.00    0.00    0.00    0.00  100.00
20:06:27      22    0.00    0.00    0.00    0.00    0.00    0.00    0.00    0.00  100.00
20:06:27      23    0.00    0.00    0.00    0.00    0.00    0.00    0.00    0.00  100.00
20:06:27      24    0.00    0.00    0.00    0.00    0.00    0.00    0.00    0.00  100.00
20:06:27      25    0.00    0.00    0.00    0.00    0.00    0.00    0.00    0.00  100.00
20:06:27      26    0.00    0.00    0.00    0.00    0.00    0.00    0.00    0.00  100.00
20:06:27      27    0.00    0.00    0.00    0.00    0.00    0.00    0.00    0.00  100.00
20:06:27      28    0.00    0.00    0.00    0.00    0.00    0.00    0.00    0.00  100.00
20:06:27      29    0.00    0.00    0.00    0.00    0.00    0.00    0.00    0.00  100.00
20:06:27      30    0.00    0.00    0.00    0.00    0.00    0.00    0.00    0.00  100.00
20:06:27      31    0.00    0.00    0.00    0.00    0.00    0.00    0.00    0.00  100.00

20:06:27     CPU    %usr   %nice    %sys %iowait    %irq   %soft  %steal  %guest   %idle
20:06:28     all    0.00    0.00    0.09    0.00    0.00    0.00    0.00    0.00   99.91
20:06:28       0    0.00    0.00    1.01    0.00    0.00    0.00    0.00    0.00   98.99
20:06:28       1    0.00    0.00    0.00    0.00    0.00    0.00    0.00    0.00  100.00
20:06:28       2    0.00    0.00    0.00    0.00    0.00    0.00    0.00    0.00  100.00
20:06:28       3    0.00    0.00    0.00    0.00    0.00    0.00    0.00    0.00  100.00
20:06:28       4    0.00    0.00    0.00    0.00    0.00    0.00    0.00    0.00  100.00
20:06:28       5    0.00    0.00    0.00    0.00    0.00    0.00    0.00    0.00  100.00
20:06:28       6    0.00    0.00    0.00    0.00    0.00    0.00    0.00    0.00  100.00
20:06:28       7    0.00    0.00    0.00    0.00    0.00    0.00    0.00    0.00  100.00
20:06:28       8    0.00    0.00    0.00    0.00    0.00    0.00    0.00    0.00  100.00
20:06:28       9    0.00    0.00    0.00    0.00    0.00    0.00    0.00    0.00  100.00
20:06:28      10    0.00    0.00    0.00    0.00    0.00    0.00    0.00    0.00  100.00
20:06:28      11    0.00    0.00    0.00    0.00    0.00    0.00    0.00    0.00  100.00
20:06:28      12    0.00    0.00    0.00    0.00    0.00    0.00    0.00    0.00  100.00
20:06:28      13    0.00    0.00    0.00    0.00    0.00    0.00    0.00    0.00  100.00
20:06:28      14    0.00    0.00    0.00    0.00    0.00    0.00    0.00    0.00  100.00
20:06:28      15    0.00    0.00    0.00    0.00    0.00    0.00    0.00    0.00  100.00
20:06:28      16    0.00    0.00    2.02    0.00    0.00    0.00    0.00    0.00   97.98
20:06:28      17    0.00    0.00    0.00    0.00    0.00    0.00    0.00    0.00  100.00
20:06:28      18    0.00    0.00    0.00    0.00    0.00    0.00    0.00    0.00  100.00
20:06:28      19    0.00    0.00    0.00    0.00    0.00    0.00    0.00    0.00  100.00
20:06:28      20    0.00    0.00    0.00    0.00    0.00    0.00    0.00    0.00  100.00
20:06:28      21    0.00    0.00    0.00    0.00    0.00    0.00    0.00    0.00  100.00
20:06:28      22    0.00    0.00    0.00    0.00    0.00    0.00    0.00    0.00  100.00
20:06:28      23    0.00    0.00    0.00    0.00    0.00    0.00    0.00    0.00  100.00
20:06:28      24    0.00    0.00    0.00    0.00    0.00    0.00    0.00    0.00  100.00
20:06:28      25    0.00    0.00    0.00    0.00    0.00    0.00    0.00    0.00  100.00
20:06:28      26    0.00    0.00    0.00    0.00    0.00    0.00    0.00    0.00  100.00
20:06:28      27    0.00    0.00    0.00    0.00    0.00    0.00    0.00    0.00  100.00
20:06:28      28    0.00    0.00    0.00    0.00    0.00    0.00    0.00    0.00  100.00
20:06:28      29    0.00    0.00    0.00    0.00    0.00    0.00    0.00    0.00  100.00
20:06:28      30    0.00    0.00    0.00    0.00    0.00    0.00    0.00    0.00  100.00
20:06:28      31    0.00    0.00    0.00    0.00    0.00    0.00    0.00    0.00  100.00

20:06:28     CPU    %usr   %nice    %sys %iowait    %irq   %soft  %steal  %guest   %idle
20:06:29     all    0.03    0.00    0.09    0.00    0.00    0.00    0.00    0.00   99.87
20:06:29       0    0.00    0.00    1.02    0.00    0.00    0.00    0.00    0.00   98.98
20:06:29       1    0.00    0.00    0.00    0.00    0.00    0.00    0.00    0.00  100.00
20:06:29       2    0.00    0.00    0.00    0.00    0.00    0.00    0.00    0.00  100.00
20:06:29       3    0.00    0.00    0.00    0.00    0.00    0.00    0.00    0.00  100.00
20:06:29       4    0.00    0.00    0.00    0.00    0.00    0.00    0.00    0.00  100.00
20:06:29       5    0.00    0.00    0.00    0.00    0.00    0.00    0.00    0.00  100.00
20:06:29       6    0.00    0.00    0.00    0.00    0.00    0.00    0.00    0.00  100.00
20:06:29       7    0.00    0.00    0.00    0.00    0.00    0.00    0.00    0.00  100.00
20:06:29       8    0.00    0.00    0.00    0.00    0.00    0.00    0.00    0.00  100.00
20:06:29       9    0.00    0.00    0.00    0.00    0.00    0.00    0.00    0.00  100.00
20:06:29      10    0.00    0.00    0.00    0.00    0.00    0.00    0.00    0.00  100.00
20:06:29      11    0.00    0.00    0.00    0.00    0.00    0.00    0.00    0.00  100.00
20:06:29      12    0.00    0.00    0.00    0.00    0.00    0.00    0.00    0.00  100.00
20:06:29      13    0.00    0.00    0.00    0.00    0.00    0.00    0.00    0.00  100.00
20:06:29      14    0.00    0.00    0.00    0.00    0.00    0.00    0.00    0.00  100.00
20:06:29      15    0.00    0.00    0.00    0.00    0.00    0.00    0.00    0.00  100.00
20:06:29      16    0.00    0.00    1.01    0.00    0.00    0.00    0.00    0.00   98.99
20:06:29      17    0.00    0.00    0.00    0.00    0.00    0.00    0.00    0.00  100.00
20:06:29      18    0.00    0.00    0.00    0.00    0.00    0.00    0.00    0.00  100.00
20:06:29      19    0.00    0.00    0.00    0.00    0.00    0.00    0.00    0.00  100.00
20:06:29      20    0.00    0.00    0.00    0.00    0.00    0.00    0.00    0.00  100.00
20:06:29      21    0.00    0.00    0.00    0.00    0.00    0.00    0.00    0.00  100.00
20:06:29      22    0.00    0.00    0.00    0.00    0.00    0.00    0.00    0.00  100.00
20:06:29      23    0.00    0.00    0.00    0.00    0.00    0.00    0.00    0.00  100.00
20:06:29      24    0.99    0.00    0.00    0.00    0.00    0.00    0.00    0.00   99.01
20:06:29      25    0.00    0.00    0.00    0.00    0.00    0.00    0.00    0.00  100.00
20:06:29      26    0.00    0.00    0.00    0.00    0.00    0.00    0.00    0.00  100.00
20:06:29      27    0.00    0.00    0.00    0.00    0.00    0.00    0.00    0.00  100.00
20:06:29      28    0.00    0.00    0.00    0.00    0.00    0.00    0.00    0.00  100.00
20:06:29      29    0.00    0.00    0.00    0.00    0.00    0.00    0.00    0.00  100.00
20:06:29      30    0.00    0.00    0.00    0.00    0.00    0.00    0.00    0.00  100.00
20:06:29      31    0.00    0.00    0.00    0.00    0.00    0.00    0.00    0.00  100.00

20:06:29     CPU    %usr   %nice    %sys %iowait    %irq   %soft  %steal  %guest   %idle
20:06:30     all    0.00    0.00    0.09    0.00    0.00    0.00    0.00    0.00   99.91
20:06:30       0    0.00    0.00    1.02    0.00    0.00    0.00    0.00    0.00   98.98
20:06:30       1    0.00    0.00    0.00    0.00    0.00    0.00    0.00    0.00  100.00
20:06:30       2    0.00    0.00    0.00    0.00    0.00    0.00    0.00    0.00  100.00
20:06:30       3    0.00    0.00    0.00    0.00    0.00    0.00    0.00    0.00  100.00
20:06:30       4    0.00    0.00    0.00    0.00    0.00    0.00    0.00    0.00  100.00
20:06:30       5    0.00    0.00    0.00    0.00    0.00    0.00    0.00    0.00  100.00
20:06:30       6    0.00    0.00    0.99    0.00    0.00    0.00    0.00    0.00   99.01
20:06:30       7    0.00    0.00    0.00    0.00    0.00    0.00    0.00    0.00  100.00
20:06:30       8    0.00    0.00    0.00    0.00    0.00    0.00    0.00    0.00  100.00
20:06:30       9    0.00    0.00    0.00    0.00    0.00    0.00    0.00    0.00  100.00
20:06:30      10    0.00    0.00    0.00    0.00    0.00    0.00    0.00    0.00  100.00
20:06:30      11    0.00    0.00    0.00    0.00    0.00    0.00    0.00    0.00  100.00
20:06:30      12    0.00    0.00    0.00    0.00    0.00    0.00    0.00    0.00  100.00
20:06:30      13    0.00    0.00    0.00    0.00    0.00    0.00    0.00    0.00  100.00
20:06:30      14    0.00    0.00    0.00    0.00    0.00    0.00    0.00    0.00  100.00
20:06:30      15    0.00    0.00    0.00    0.00    0.00    0.00    0.00    0.00  100.00
20:06:30      16    0.00    0.00    1.02    0.00    0.00    0.00    0.00    0.00   98.98
20:06:30      17    0.00    0.00    0.00    0.00    0.00    0.00    0.00    0.00  100.00
20:06:30      18    0.00    0.00    0.00    0.00    0.00    0.00    0.00    0.00  100.00
20:06:30      19    0.00    0.00    0.00    0.00    0.00    0.00    0.00    0.00  100.00
20:06:30      20    0.00    0.00    0.00    0.00    0.00    0.00    0.00    0.00  100.00
20:06:30      21    0.00    0.00    0.00    0.00    0.00    0.00    0.00    0.00  100.00
20:06:30      22    0.00    0.00    0.00    0.00    0.00    0.00    0.00    0.00  100.00
20:06:30      23    0.00    0.00    0.00    0.00    0.00    0.00    0.00    0.00  100.00
20:06:30      24    0.00    0.00    0.99    0.00    0.00    0.00    0.00    0.00   99.01
20:06:30      25    0.00    0.00    0.00    0.00    0.00    0.00    0.00    0.00  100.00
20:06:30      26    0.00    0.00    0.00    0.00    0.00    0.00    0.00    0.00  100.00
20:06:30      27    0.00    0.00    0.00    0.00    0.00    0.00    0.00    0.00  100.00
20:06:30      28    0.00    0.00    0.00    0.00    0.00    0.00    0.00    0.00  100.00
20:06:30      29    0.00    0.00    0.00    0.00    0.00    0.00    0.00    0.00  100.00
20:06:30      30    0.00    0.00    0.00    0.00    0.00    0.00    0.00    0.00  100.00
20:06:30      31    0.00    0.00    0.00    0.00    0.00    0.00    0.00    0.00  100.00

20:06:30     CPU    %usr   %nice    %sys %iowait    %irq   %soft  %steal  %guest   %idle
20:06:31     all    0.00    0.00    0.06    0.00    0.00    0.00    0.00    0.00   99.94
20:06:31       0    0.00    0.00    1.02    0.00    0.00    0.00    0.00    0.00   98.98
20:06:31       1    0.00    0.00    0.00    0.00    0.00    0.00    0.00    0.00  100.00
20:06:31       2    0.00    0.00    0.00    0.00    0.00    0.00    0.00    0.00  100.00
20:06:31       3    0.00    0.00    0.00    0.00    0.00    0.00    0.00    0.00  100.00
20:06:31       4    0.00    0.00    0.00    0.00    0.00    0.00    0.00    0.00  100.00
20:06:31       5    0.00    0.00    0.00    0.00    0.00    0.00    0.00    0.00  100.00
20:06:31       6    0.00    0.00    0.00    0.00    0.00    0.00    0.00    0.00  100.00
20:06:31       7    0.00    0.00    0.00    0.00    0.00    0.00    0.00    0.00  100.00
20:06:31       8    0.00    0.00    0.00    0.00    0.00    0.00    0.00    0.00  100.00
20:06:31       9    0.00    0.00    0.00    0.00    0.00    0.00    0.00    0.00  100.00
20:06:31      10    0.00    0.00    0.00    0.00    0.00    0.00    0.00    0.00  100.00
20:06:31      11    0.00    0.00    0.00    0.00    0.00    0.00    0.00    0.00  100.00
20:06:31      12    0.00    0.00    0.00    0.00    0.00    0.00    0.00    0.00  100.00
20:06:31      13    0.00    0.00    0.00    0.00    0.00    0.00    0.00    0.00  100.00
20:06:31      14    0.00    0.00    0.00    0.00    0.00    0.00    0.00    0.00  100.00
20:06:31      15    0.00    0.00    0.00    0.00    0.00    0.00    0.00    0.00  100.00
20:06:31      16    0.00    0.00    1.02    0.00    0.00    0.00    0.00    0.00   98.98
20:06:31      17    0.00    0.00    0.00    0.00    0.00    0.00    0.00    0.00  100.00
20:06:31      18    0.00    0.00    0.00    0.00    0.00    0.00    0.00    0.00  100.00
20:06:31      19    0.00    0.00    0.00    0.00    0.00    0.00    0.00    0.00  100.00
20:06:31      20    0.00    0.00    0.00    0.00    0.00    0.00    0.00    0.00  100.00
20:06:31      21    0.00    0.00    0.00    0.00    0.00    0.00    0.00    0.00  100.00
20:06:31      22    0.00    0.00    0.00    0.00    0.00    0.00    0.00    0.00  100.00
20:06:31      23    0.00    0.00    0.00    0.00    0.00    0.00    0.00    0.00  100.00
20:06:31      24    0.00    0.00    0.00    0.00    0.00    0.00    0.00    0.00  100.00
20:06:31      25    0.00    0.00    0.00    0.00    0.00    0.00    0.00    0.00  100.00
20:06:31      26    0.00    0.00    0.00    0.00    0.00    0.00    0.00    0.00  100.00
20:06:31      27    0.00    0.00    0.00    0.00    0.00    0.00    0.00    0.00  100.00
20:06:31      28    0.00    0.00    0.00    0.00    0.00    0.00    0.00    0.00  100.00
20:06:31      29    0.00    0.00    0.00    0.00    0.00    0.00    0.00    0.00  100.00
20:06:31      30    0.00    0.00    0.00    0.00    0.00    0.00    0.00    0.00  100.00
20:06:31      31    0.00    0.00    0.00    0.00    0.00    0.00    0.00    0.00  100.00

20:06:31     CPU    %usr   %nice    %sys %iowait    %irq   %soft  %steal  %guest   %idle
20:06:32     all    0.03    0.00    0.06    0.00    0.00    0.00    0.00    0.00   99.91
20:06:32       0    0.00    0.00    1.02    0.00    0.00    0.00    0.00    0.00   98.98
20:06:32       1    0.00    0.00    0.00    0.00    0.00    0.00    0.00    0.00  100.00
20:06:32       2    0.00    0.00    0.00    0.00    0.00    0.00    0.00    0.00  100.00
20:06:32       3    0.00    0.00    0.00    0.00    0.00    0.00    0.00    0.00  100.00
20:06:32       4    0.00    0.00    0.00    0.00    0.00    0.00    0.00    0.00  100.00
20:06:32       5    0.00    0.00    0.00    0.00    0.00    0.00    0.00    0.00  100.00
20:06:32       6    0.00    0.00    0.00    0.00    0.00    0.00    0.00    0.00  100.00
20:06:32       7    0.00    0.00    0.00    0.00    0.00    0.00    0.00    0.00  100.00
20:06:32       8    0.00    0.00    0.00    0.00    0.00    0.00    0.00    0.00  100.00
20:06:32       9    0.00    0.00    0.00    0.00    0.00    0.00    0.00    0.00  100.00
20:06:32      10    0.00    0.00    0.00    0.00    0.00    0.00    0.00    0.00  100.00
20:06:32      11    0.00    0.00    0.00    0.00    0.00    0.00    0.00    0.00  100.00
20:06:32      12    0.00    0.00    0.00    0.00    0.00    0.00    0.00    0.00  100.00
20:06:32      13    0.00    0.00    0.00    0.00    0.00    0.00    0.00    0.00  100.00
20:06:32      14    0.00    0.00    0.00    0.00    0.00    0.00    0.00    0.00  100.00
20:06:32      15    0.00    0.00    0.00    0.00    0.00    0.00    0.00    0.00  100.00
20:06:32      16    0.00    0.00    0.00    0.00    0.00    0.00    0.00    0.00  100.00
20:06:32      17    0.00    0.00    0.00    0.00    0.00    0.00    0.00    0.00  100.00
20:06:32      18    0.00    0.00    0.00    0.00    0.00    0.00    0.00    0.00  100.00
20:06:32      19    0.00    0.00    0.00    0.00    0.00    0.00    0.00    0.00  100.00
20:06:32      20    0.00    0.00    0.00    0.00    0.00    0.00    0.00    0.00  100.00
20:06:32      21    0.00    0.00    0.00    0.00    0.00    0.00    0.00    0.00  100.00
20:06:32      22    0.00    0.00    0.00    0.00    0.00    0.00    0.00    0.00  100.00
20:06:32      23    0.00    0.00    0.00    0.00    0.00    0.00    0.00    0.00  100.00
20:06:32      24    0.00    0.00    0.00    0.00    0.00    0.00    0.00    0.00  100.00
20:06:32      25    0.00    0.00    0.00    0.00    0.00    0.00    0.00    0.00  100.00
20:06:32      26    0.00    0.00    0.00    0.00    0.00    0.00    0.00    0.00  100.00
20:06:32      27    0.00    0.00    0.00    0.00    0.00    0.00    0.00    0.00  100.00
20:06:32      28    0.00    0.00    0.00    0.00    0.00    0.00    0.00    0.00  100.00
20:06:32      29    0.00    0.00    0.00    0.00    0.00    0.00    0.00    0.00  100.00
20:06:32      30    0.00    0.00    0.00    0.00    0.00    0.00    0.00    0.00  100.00
20:06:32      31    0.00    0.00    0.00    0.00    0.00    0.00    0.00    0.00  100.00

20:06:32     CPU    %usr   %nice    %sys %iowait    %irq   %soft  %steal  %guest   %idle
20:06:33     all    0.00    0.00    0.06    0.00    0.00    0.00    0.00    0.00   99.94
20:06:33       0    0.00    0.00    1.01    0.00    0.00    0.00    0.00    0.00   98.99
20:06:33       1    0.00    0.00    0.00    0.00    0.00    0.00    0.00    0.00  100.00
20:06:33       2    0.00    0.00    0.00    0.00    0.00    0.00    0.00    0.00  100.00
20:06:33       3    0.00    0.00    0.00    0.00    0.00    0.00    0.00    0.00  100.00
20:06:33       4    0.00    0.00    0.00    0.00    0.00    0.00    0.00    0.00  100.00
20:06:33       5    0.00    0.00    0.00    0.00    0.00    0.00    0.00    0.00  100.00
20:06:33       6    0.00    0.00    0.00    0.00    0.00    0.00    0.00    0.00  100.00
20:06:33       7    0.00    0.00    0.00    0.00    0.00    0.00    0.00    0.00  100.00
20:06:33       8    0.00    0.00    0.00    0.00    0.00    0.00    0.00    0.00  100.00
20:06:33       9    0.00    0.00    0.00    0.00    0.00    0.00    0.00    0.00  100.00
20:06:33      10    0.00    0.00    0.00    0.00    0.00    0.00    0.00    0.00  100.00
20:06:33      11    0.00    0.00    0.00    0.00    0.00    0.00    0.00    0.00  100.00
20:06:33      12    0.00    0.00    0.99    0.00    0.00    0.00    0.00    0.00   99.01
20:06:33      13    0.00    0.00    0.00    0.00    0.00    0.00    0.00    0.00  100.00
20:06:33      14    0.00    0.00    0.00    0.00    0.00    0.00    0.00    0.00  100.00
20:06:33      15    0.00    0.00    0.00    0.00    0.00    0.00    0.00    0.00  100.00
20:06:33      16    0.00    0.00    1.02    0.00    0.00    0.00    0.00    0.00   98.98
20:06:33      17    0.00    0.00    0.00    0.00    0.00    0.00    0.00    0.00  100.00
20:06:33      18    0.00    0.00    0.00    0.00    0.00    0.00    0.00    0.00  100.00
20:06:33      19    0.00    0.00    0.00    0.00    0.00    0.00    0.00    0.00  100.00
20:06:33      20    0.00    0.00    0.00    0.00    0.00    0.00    0.00    0.00  100.00
20:06:33      21    0.00    0.00    0.00    0.00    0.00    0.00    0.00    0.00  100.00
20:06:33      22    0.00    0.00    0.00    0.00    0.00    0.00    0.00    0.00  100.00
20:06:33      23    0.00    0.00    0.00    0.00    0.00    0.00    0.00    0.00  100.00
20:06:33      24    0.00    0.00    0.00    0.00    0.00    0.00    0.00    0.00  100.00
20:06:33      25    0.99    0.00    0.00    0.00    0.00    0.00    0.00    0.00   99.01
20:06:33      26    0.00    0.00    0.00    0.00    0.00    0.00    0.00    0.00  100.00
20:06:33      27    0.00    0.00    0.00    0.00    0.00    0.00    0.00    0.00  100.00
20:06:33      28    0.00    0.00    0.00    0.00    0.00    0.00    0.00    0.00  100.00
20:06:33      29    0.00    0.00    0.00    0.00    0.00    0.00    0.00    0.00  100.00
20:06:33      30    0.00    0.00    0.00    0.00    0.00    0.00    0.00    0.00  100.00
20:06:33      31    0.00    0.00    0.00    0.00    0.00    0.00    0.00    0.00  100.00

20:06:33     CPU    %usr   %nice    %sys %iowait    %irq   %soft  %steal  %guest   %idle
20:06:34     all    0.00    0.00    0.09    0.00    0.00    0.00    0.00    0.00   99.91
20:06:34       0    0.00    0.00    1.02    0.00    0.00    0.00    0.00    0.00   98.98
20:06:34       1    0.00    0.00    0.00    0.00    0.00    0.00    0.00    0.00  100.00
20:06:34       2    0.00    0.00    0.00    0.00    0.00    0.00    0.00    0.00  100.00
20:06:34       3    0.00    0.00    0.00    0.00    0.00    0.00    0.00    0.00  100.00
20:06:34       4    0.00    0.00    0.00    0.00    0.00    0.00    0.00    0.00  100.00
20:06:34       5    0.00    0.00    0.00    0.00    0.00    0.00    0.00    0.00  100.00
20:06:34       6    0.00    0.00    0.00    0.00    0.00    0.00    0.00    0.00  100.00
20:06:34       7    0.00    0.00    0.00    0.00    0.00    0.00    0.00    0.00  100.00
20:06:34       8    0.00    0.00    0.00    0.00    0.00    0.00    0.00    0.00  100.00
20:06:34       9    0.00    0.00    0.00    0.00    0.00    0.00    0.00    0.00  100.00
20:06:34      10    0.00    0.00    0.99    0.00    0.00    0.00    0.00    0.00   99.01
20:06:34      11    0.00    0.00    0.00    0.00    0.00    0.00    0.00    0.00  100.00
20:06:34      12    0.00    0.00    0.00    0.00    0.00    0.00    0.00    0.00  100.00
20:06:34      13    0.00    0.00    0.00    0.00    0.00    0.00    0.00    0.00  100.00
20:06:34      14    0.00    0.00    0.00    0.00    0.00    0.00    0.00    0.00  100.00
20:06:34      15    0.00    0.00    0.00    0.00    0.00    0.00    0.00    0.00  100.00
20:06:34      16    0.00    0.00    1.02    0.00    0.00    0.00    0.00    0.00   98.98
20:06:34      17    0.00    0.00    0.00    0.00    0.00    0.00    0.00    0.00  100.00
20:06:34      18    0.00    0.00    0.00    0.00    0.00    0.00    0.00    0.00  100.00
20:06:34      19    0.00    0.00    0.00    0.00    0.00    0.00    0.00    0.00  100.00
20:06:34      20    0.00    0.00    0.00    0.00    0.00    0.00    0.00    0.00  100.00
20:06:34      21    0.00    0.00    0.00    0.00    0.00    0.00    0.00    0.00  100.00
20:06:34      22    0.00    0.00    0.00    0.00    0.00    0.00    0.00    0.00  100.00
20:06:34      23    0.00    0.00    0.00    0.00    0.00    0.00    0.00    0.00  100.00
20:06:34      24    0.00    0.00    0.00    0.00    0.00    0.00    0.00    0.00  100.00
20:06:34      25    0.00    0.00    0.00    0.00    0.00    0.00    0.00    0.00  100.00
20:06:34      26    0.00    0.00    0.00    0.00    0.00    0.00    0.00    0.00  100.00
20:06:34      27    0.00    0.00    0.00    0.00    0.00    0.00    0.00    0.00  100.00
20:06:34      28    0.00    0.00    0.00    0.00    0.00    0.00    0.00    0.00  100.00
20:06:34      29    0.00    0.00    0.00    0.00    0.00    0.00    0.00    0.00  100.00
20:06:34      30    0.00    0.00    0.00    0.00    0.00    0.00    0.00    0.00  100.00
20:06:34      31    0.00    0.00    0.00    0.00    0.00    0.00    0.00    0.00  100.00

20:06:34     CPU    %usr   %nice    %sys %iowait    %irq   %soft  %steal  %guest   %idle
20:06:35     all    0.03    0.00    0.09    0.00    0.00    0.00    0.00    0.00   99.87
20:06:35       0    0.00    0.00    1.02    0.00    0.00    0.00    0.00    0.00   98.98
20:06:35       1    0.00    0.00    0.00    0.00    0.00    0.00    0.00    0.00  100.00
20:06:35       2    0.99    0.00    0.00    0.00    0.00    0.00    0.00    0.00   99.01
20:06:35       3    0.00    0.00    0.00    0.00    0.00    0.00    0.00    0.00  100.00
20:06:35       4    0.00    0.00    0.00    0.00    0.00    0.00    0.00    0.00  100.00
20:06:35       5    0.00    0.00    0.00    0.00    0.00    0.00    0.00    0.00  100.00
20:06:35       6    0.00    0.00    0.00    0.00    0.00    0.00    0.00    0.00  100.00
20:06:35       7    0.00    0.00    0.00    0.00    0.00    0.00    0.00    0.00  100.00
20:06:35       8    0.00    0.00    0.00    0.00    0.00    0.00    0.00    0.00  100.00
20:06:35       9    0.00    0.00    0.00    0.00    0.00    0.00    0.00    0.00  100.00
20:06:35      10    0.00    0.00    0.00    0.00    0.00    0.00    0.00    0.00  100.00
20:06:35      11    0.00    0.00    0.00    0.00    0.00    0.00    0.00    0.00  100.00
20:06:35      12    0.00    0.00    0.00    0.00    0.00    0.00    0.00    0.00  100.00
20:06:35      13    0.00    0.00    0.00    0.00    0.00    0.00    0.00    0.00  100.00
20:06:35      14    0.00    0.00    0.00    0.00    0.00    0.00    0.00    0.00  100.00
20:06:35      15    0.00    0.00    0.00    0.00    0.00    0.00    0.00    0.00  100.00
20:06:35      16    1.01    0.00    1.01    0.00    0.00    0.00    0.00    0.00   97.98
20:06:35      17    0.99    0.00    0.00    0.00    0.00    0.00    0.00    0.00   99.01
20:06:35      18    0.00    0.00    0.00    0.00    0.00    0.00    0.00    0.00  100.00
20:06:35      19    0.00    0.00    0.00    0.00    0.00    0.00    0.00    0.00  100.00
20:06:35      20    0.00    0.00    0.00    0.00    0.00    0.00    0.00    0.00  100.00
20:06:35      21    0.00    0.00    0.00    0.00    0.00    0.00    0.00    0.00  100.00
20:06:35      22    0.00    0.00    0.00    0.00    0.00    0.00    0.00    0.00  100.00
20:06:35      23    0.00    0.00    0.00    0.00    0.00    0.00    0.00    0.00  100.00
20:06:35      24    0.00    0.00    0.00    0.00    0.00    0.00    0.00    0.00  100.00
20:06:35      25    0.00    0.00    1.00    0.00    0.00    0.00    0.00    0.00   99.00
20:06:35      26    0.00    0.00    0.00    0.00    0.00    0.00    0.00    0.00  100.00
20:06:35      27    0.00    0.00    0.00    0.00    0.00    0.00    0.00    0.00  100.00
20:06:35      28    0.00    0.00    0.00    0.00    0.00    0.00    0.00    0.00  100.00
20:06:35      29    0.00    0.00    0.00    0.00    0.00    0.00    0.00    0.00  100.00
20:06:35      30    0.00    0.00    0.00    0.00    0.00    0.00    0.00    0.00  100.00
20:06:35      31    0.00    0.00    0.00    0.00    0.00    0.00    0.00    0.00  100.00

20:06:35     CPU    %usr   %nice    %sys %iowait    %irq   %soft  %steal  %guest   %idle
20:06:36     all    0.00    0.00    0.06    0.00    0.00    0.00    0.00    0.00   99.94
20:06:36       0    0.00    0.00    1.02    0.00    0.00    0.00    0.00    0.00   98.98
20:06:36       1    0.00    0.00    0.00    0.00    0.00    0.00    0.00    0.00  100.00
20:06:36       2    0.00    0.00    0.00    0.00    0.00    0.00    0.00    0.00  100.00
20:06:36       3    0.00    0.00    0.00    0.00    0.00    0.00    0.00    0.00  100.00
20:06:36       4    0.00    0.00    0.00    0.00    0.00    0.00    0.00    0.00  100.00
20:06:36       5    0.00    0.00    0.00    0.00    0.00    0.00    0.00    0.00  100.00
20:06:36       6    0.00    0.00    0.00    0.00    0.00    0.00    0.00    0.00  100.00
20:06:36       7    0.00    0.00    0.00    0.00    0.00    0.00    0.00    0.00  100.00
20:06:36       8    0.00    0.00    0.00    0.00    0.00    0.00    0.00    0.00  100.00
20:06:36       9    0.00    0.00    0.00    0.00    0.00    0.00    0.00    0.00  100.00
20:06:36      10    0.00    0.00    0.00    0.00    0.00    0.00    0.00    0.00  100.00
20:06:36      11    0.00    0.00    0.00    0.00    0.00    0.00    0.00    0.00  100.00
20:06:36      12    0.00    0.00    0.00    0.00    0.00    0.00    0.00    0.00  100.00
20:06:36      13    0.00    0.00    0.00    0.00    0.00    0.00    0.00    0.00  100.00
20:06:36      14    0.00    0.00    0.00    0.00    0.00    0.00    0.00    0.00  100.00
20:06:36      15    0.00    0.00    0.00    0.00    0.00    0.00    0.00    0.00  100.00
20:06:36      16    0.00    0.00    1.01    0.00    0.00    0.00    0.00    0.00   98.99
20:06:36      17    0.00    0.00    0.00    0.00    0.00    0.00    0.00    0.00  100.00
20:06:36      18    0.00    0.00    0.00    0.00    0.00    0.00    0.00    0.00  100.00
20:06:36      19    0.00    0.00    0.00    0.00    0.00    0.00    0.00    0.00  100.00
20:06:36      20    0.00    0.00    0.00    0.00    0.00    0.00    0.00    0.00  100.00
20:06:36      21    0.00    0.00    0.00    0.00    0.00    0.00    0.00    0.00  100.00
20:06:36      22    0.00    0.00    0.00    0.00    0.00    0.00    0.00    0.00  100.00
20:06:36      23    0.00    0.00    0.00    0.00    0.00    0.00    0.00    0.00  100.00
20:06:36      24    0.00    0.00    0.00    0.00    0.00    0.00    0.00    0.00  100.00
20:06:36      25    0.00    0.00    0.00    0.00    0.00    0.00    0.00    0.00  100.00
20:06:36      26    0.00    0.00    0.00    0.00    0.00    0.00    0.00    0.00  100.00
20:06:36      27    0.00    0.00    0.00    0.00    0.00    0.00    0.00    0.00  100.00
20:06:36      28    0.00    0.00    0.00    0.00    0.00    0.00    0.00    0.00  100.00
20:06:36      29    0.00    0.00    0.00    0.00    0.00    0.00    0.00    0.00  100.00
20:06:36      30    0.00    0.00    0.00    0.00    0.00    0.00    0.00    0.00  100.00
20:06:36      31    0.00    0.00    0.00    0.00    0.00    0.00    0.00    0.00  100.00

20:06:36     CPU    %usr   %nice    %sys %iowait    %irq   %soft  %steal  %guest   %idle
20:06:37     all    0.03    0.00    0.03    0.00    0.00    0.00    0.00    0.00   99.94
20:06:37       0    0.00    0.00    1.02    0.00    0.00    0.00    0.00    0.00   98.98
20:06:37       1    0.00    0.00    0.00    0.00    0.00    0.00    0.00    0.00  100.00
20:06:37       2    0.00    0.00    0.99    0.00    0.00    0.00    0.00    0.00   99.01
20:06:37       3    0.00    0.00    0.00    0.00    0.00    0.00    0.00    0.00  100.00
20:06:37       4    0.00    0.00    0.00    0.00    0.00    0.00    0.00    0.00  100.00
20:06:37       5    0.00    0.00    0.00    0.00    0.00    0.00    0.00    0.00  100.00
20:06:37       6    0.00    0.00    0.00    0.00    0.00    0.00    0.00    0.00  100.00
20:06:37       7    0.00    0.00    0.00    0.00    0.00    0.00    0.00    0.00  100.00
20:06:37       8    0.99    0.00    0.00    0.00    0.00    0.00    0.00    0.00   99.01
20:06:37       9    0.00    0.00    0.00    0.00    0.00    0.00    0.00    0.00  100.00
20:06:37      10    0.00    0.00    0.00    0.00    0.00    0.00    0.00    0.00  100.00
20:06:37      11    0.00    0.00    0.00    0.00    0.00    0.00    0.00    0.00  100.00
20:06:37      12    0.00    0.00    0.00    0.00    0.00    0.00    0.00    0.00  100.00
20:06:37      13    0.00    0.00    0.00    0.00    0.00    0.00    0.00    0.00  100.00
20:06:37      14    0.00    0.00    0.00    0.00    0.00    0.00    0.00    0.00  100.00
20:06:37      15    0.00    0.00    0.00    0.00    0.00    0.00    0.00    0.00  100.00
20:06:37      16    0.00    0.00    0.00    0.00    0.00    0.00    0.00    0.00  100.00
20:06:37      17    0.00    0.00    0.00    0.00    0.00    0.00    0.00    0.00  100.00
20:06:37      18    0.00    0.00    0.00    0.00    0.00    0.00    0.00    0.00  100.00
20:06:37      19    0.00    0.00    0.00    0.00    0.00    0.00    0.00    0.00  100.00
20:06:37      20    0.00    0.00    0.00    0.00    0.00    0.00    0.00    0.00  100.00
20:06:37      21    0.00    0.00    0.00    0.00    0.00    0.00    0.00    0.00  100.00
20:06:37      22    0.00    0.00    0.00    0.00    0.00    0.00    0.00    0.00  100.00
20:06:37      23    0.00    0.00    0.00    0.00    0.00    0.00    0.00    0.00  100.00
20:06:37      24    0.00    0.00    0.00    0.00    0.00    0.00    0.00    0.00  100.00
20:06:37      25    0.00    0.00    0.00    0.00    0.00    0.00    0.00    0.00  100.00
20:06:37      26    0.00    0.00    0.00    0.00    0.00    0.00    0.00    0.00  100.00
20:06:37      27    0.00    0.00    0.00    0.00    0.00    0.00    0.00    0.00  100.00
20:06:37      28    0.00    0.00    0.00    0.00    0.00    0.00    0.00    0.00  100.00
20:06:37      29    0.00    0.00    0.00    0.00    0.00    0.00    0.00    0.00  100.00
20:06:37      30    0.00    0.00    0.00    0.00    0.00    0.00    0.00    0.00  100.00
20:06:37      31    0.00    0.00    0.00    0.00    0.00    0.00    0.00    0.00  100.00

20:06:37     CPU    %usr   %nice    %sys %iowait    %irq   %soft  %steal  %guest   %idle
20:06:38     all    0.00    0.00    0.09    0.00    0.00    0.00    0.00    0.00   99.91
20:06:38       0    0.00    0.00    1.02    0.00    0.00    0.00    0.00    0.00   98.98
20:06:38       1    0.00    0.00    0.00    0.00    0.00    0.00    0.00    0.00  100.00
20:06:38       2    0.00    0.00    0.00    0.00    0.00    0.00    0.00    0.00  100.00
20:06:38       3    0.00    0.00    0.00    0.00    0.00    0.00    0.00    0.00  100.00
20:06:38       4    0.00    0.00    0.00    0.00    0.00    0.00    0.00    0.00  100.00
20:06:38       5    0.00    0.00    0.00    0.00    0.00    0.00    0.00    0.00  100.00
20:06:38       6    0.00    0.00    0.00    0.00    0.00    0.00    0.00    0.00  100.00
20:06:38       7    0.00    0.00    0.00    0.00    0.00    0.00    0.00    0.00  100.00
20:06:38       8    0.00    0.00    0.00    0.00    0.00    0.00    0.00    0.00  100.00
20:06:38       9    0.00    0.00    0.00    0.00    0.00    0.00    0.00    0.00  100.00
20:06:38      10    0.00    0.00    0.00    0.00    0.00    0.00    0.00    0.00  100.00
20:06:38      11    0.00    0.00    0.00    0.00    0.00    0.00    0.00    0.00  100.00
20:06:38      12    0.00    0.00    0.00    0.00    0.00    0.00    0.00    0.00  100.00
20:06:38      13    0.00    0.00    0.00    0.00    0.00    0.00    0.00    0.00  100.00
20:06:38      14    0.00    0.00    0.00    0.00    0.00    0.00    0.00    0.00  100.00
20:06:38      15    0.00    0.00    0.00    0.00    0.00    0.00    0.00    0.00  100.00
20:06:38      16    0.00    0.00    0.00    0.00    0.00    0.00    0.00    0.00  100.00
20:06:38      17    0.00    0.00    0.99    0.00    0.00    0.00    0.00    0.00   99.01
20:06:38      18    0.00    0.00    0.00    0.00    0.00    0.00    0.00    0.00  100.00
20:06:38      19    0.00    0.00    0.00    0.00    0.00    0.00    0.00    0.00  100.00
20:06:38      20    0.00    0.00    0.00    0.00    0.00    0.00    0.00    0.00  100.00
20:06:38      21    0.00    0.00    0.00    0.00    0.00    0.00    0.00    0.00  100.00
20:06:38      22    0.00    0.00    0.00    0.00    0.00    0.00    0.00    0.00  100.00
20:06:38      23    0.00    0.00    0.00    0.00    0.00    0.00    0.00    0.00  100.00
20:06:38      24    0.00    0.00    0.00    0.00    0.00    0.00    0.00    0.00  100.00
20:06:38      25    0.00    0.00    0.00    0.00    0.00    0.00    0.00    0.00  100.00
20:06:38      26    0.00    0.00    0.00    0.00    0.00    0.00    0.00    0.00  100.00
20:06:38      27    0.00    0.00    0.00    0.00    0.00    0.00    0.00    0.00  100.00
20:06:38      28    0.00    0.00    0.00    0.00    0.00    0.00    0.00    0.00  100.00
20:06:38      29    0.00    0.00    0.00    0.00    0.00    0.00    0.00    0.00  100.00
20:06:38      30    0.00    0.00    0.00    0.00    0.00    0.00    0.00    0.00  100.00
20:06:38      31    0.00    0.00    0.00    0.00    0.00    0.00    0.00    0.00  100.00

20:06:38     CPU    %usr   %nice    %sys %iowait    %irq   %soft  %steal  %guest   %idle
20:06:39     all    0.00    0.00    0.03    0.00    0.00    0.00    0.00    0.00   99.97
20:06:39       0    0.00    0.00    1.01    0.00    0.00    0.00    0.00    0.00   98.99
20:06:39       1    0.00    0.00    0.00    0.00    0.00    0.00    0.00    0.00  100.00
20:06:39       2    0.00    0.00    0.00    0.00    0.00    0.00    0.00    0.00  100.00
20:06:39       3    0.00    0.00    0.00    0.00    0.00    0.00    0.00    0.00  100.00
20:06:39       4    0.00    0.00    0.00    0.00    0.00    0.00    0.00    0.00  100.00
20:06:39       5    0.00    0.00    0.00    0.00    0.00    0.00    0.00    0.00  100.00
20:06:39       6    0.00    0.00    0.00    0.00    0.00    0.00    0.00    0.00  100.00
20:06:39       7    0.00    0.00    0.00    0.00    0.00    0.00    0.00    0.00  100.00
20:06:39       8    0.00    0.00    0.00    0.00    0.00    0.00    0.00    0.00  100.00
20:06:39       9    0.00    0.00    0.00    0.00    0.00    0.00    0.00    0.00  100.00
20:06:39      10    0.00    0.00    0.00    0.00    0.00    0.00    0.00    0.00  100.00
20:06:39      11    0.00    0.00    0.00    0.00    0.00    0.00    0.00    0.00  100.00
20:06:39      12    0.00    0.00    0.00    0.00    0.00    0.00    0.00    0.00  100.00
20:06:39      13    0.00    0.00    0.00    0.00    0.00    0.00    0.00    0.00  100.00
20:06:39      14    0.00    0.00    0.00    0.00    0.00    0.00    0.00    0.00  100.00
20:06:39      15    0.00    0.00    0.00    0.00    0.00    0.00    0.00    0.00  100.00
20:06:39      16    0.00    0.00    1.02    0.00    0.00    0.00    0.00    0.00   98.98
20:06:39      17    0.00    0.00    0.00    0.00    0.00    0.00    0.00    0.00  100.00
20:06:39      18    0.00    0.00    0.00    0.00    0.00    0.00    0.00    0.00  100.00
20:06:39      19    0.00    0.00    0.00    0.00    0.00    0.00    0.00    0.00  100.00
20:06:39      20    0.00    0.00    0.00    0.00    0.00    0.00    0.00    0.00  100.00
20:06:39      21    0.00    0.00    0.00    0.00    0.00    0.00    0.00    0.00  100.00
20:06:39      22    0.00    0.00    0.00    0.00    0.00    0.00    0.00    0.00  100.00
20:06:39      23    0.00    0.00    0.00    0.00    0.00    0.00    0.00    0.00  100.00
20:06:39      24    0.00    0.00    0.00    0.00    0.00    0.00    0.00    0.00  100.00
20:06:39      25    0.00    0.00    0.00    0.00    0.00    0.00    0.00    0.00  100.00
20:06:39      26    0.00    0.00    0.00    0.00    0.00    0.00    0.00    0.00  100.00
20:06:39      27    0.00    0.00    0.00    0.00    0.00    0.00    0.00    0.00  100.00
20:06:39      28    0.00    0.00    0.00    0.00    0.00    0.00    0.00    0.00  100.00
20:06:39      29    0.00    0.00    0.00    0.00    0.00    0.00    0.00    0.00  100.00
20:06:39      30    0.00    0.00    0.00    0.00    0.00    0.00    0.00    0.00  100.00
20:06:39      31    0.00    0.00    0.00    0.00    0.00    0.00    0.00    0.00  100.00

20:06:39     CPU    %usr   %nice    %sys %iowait    %irq   %soft  %steal  %guest   %idle
20:06:40     all    0.03    0.00    0.06    0.00    0.00    0.00    0.00    0.00   99.91
20:06:40       0    0.00    0.00    1.02    0.00    0.00    0.00    0.00    0.00   98.98
20:06:40       1    0.00    0.00    0.00    0.00    0.00    0.00    0.00    0.00  100.00
20:06:40       2    0.00    0.00    0.00    0.00    0.00    0.00    0.00    0.00  100.00
20:06:40       3    0.00    0.00    0.00    0.00    0.00    0.00    0.00    0.00  100.00
20:06:40       4    0.00    0.00    0.00    0.00    0.00    0.00    0.00    0.00  100.00
20:06:40       5    0.00    0.00    0.00    0.00    0.00    0.00    0.00    0.00  100.00
20:06:40       6    0.00    0.00    0.00    0.00    0.00    0.00    0.00    0.00  100.00
20:06:40       7    0.00    0.00    0.00    0.00    0.00    0.00    0.00    0.00  100.00
20:06:40       8    0.00    0.00    0.99    0.00    0.00    0.00    0.00    0.00   99.01
20:06:40       9    0.00    0.00    0.99    0.00    0.00    0.00    0.00    0.00   99.01
20:06:40      10    0.00    0.00    0.00    0.00    0.00    0.00    0.00    0.00  100.00
20:06:40      11    0.00    0.00    0.00    0.00    0.00    0.00    0.00    0.00  100.00
20:06:40      12    0.00    0.00    0.00    0.00    0.00    0.00    0.00    0.00  100.00
20:06:40      13    0.00    0.00    0.00    0.00    0.00    0.00    0.00    0.00  100.00
20:06:40      14    0.00    0.00    0.00    0.00    0.00    0.00    0.00    0.00  100.00
20:06:40      15    0.00    0.00    0.00    0.00    0.00    0.00    0.00    0.00  100.00
20:06:40      16    0.00    0.00    0.00    0.00    0.00    0.00    0.00    0.00  100.00
20:06:40      17    0.00    0.00    0.00    0.00    0.00    0.00    0.00    0.00  100.00
20:06:40      18    0.00    0.00    0.00    0.00    0.00    0.00    0.00    0.00  100.00
20:06:40      19    0.00    0.00    0.00    0.00    0.00    0.00    0.00    0.00  100.00
20:06:40      20    0.00    0.00    0.00    0.00    0.00    0.00    0.00    0.00  100.00
20:06:40      21    0.00    0.00    0.00    0.00    0.00    0.00    0.00    0.00  100.00
20:06:40      22    0.00    0.00    0.00    0.00    0.00    0.00    0.00    0.00  100.00
20:06:40      23    0.00    0.00    0.00    0.00    0.00    0.00    0.00    0.00  100.00
20:06:40      24    0.00    0.00    0.00    0.00    0.00    0.00    0.00    0.00  100.00
20:06:40      25    0.00    0.00    0.00    0.00    0.00    0.00    0.00    0.00  100.00
20:06:40      26    0.00    0.00    0.00    0.00    0.00    0.00    0.00    0.00  100.00
20:06:40      27    0.00    0.00    0.00    0.00    0.00    0.00    0.00    0.00  100.00
20:06:40      28    0.00    0.00    0.00    0.00    0.00    0.00    0.00    0.00  100.00
20:06:40      29    0.00    0.00    0.00    0.00    0.00    0.00    0.00    0.00  100.00
20:06:40      30    0.00    0.00    0.00    0.00    0.00    0.00    0.00    0.00  100.00
20:06:40      31    0.00    0.00    0.00    0.00    0.00    0.00    0.00    0.00  100.00

20:06:40     CPU    %usr   %nice    %sys %iowait    %irq   %soft  %steal  %guest   %idle
20:06:41     all    0.00    0.00    0.06    0.00    0.00    0.00    0.00    0.00   99.94
20:06:41       0    0.00    0.00    1.02    0.00    0.00    0.00    0.00    0.00   98.98
20:06:41       1    0.00    0.00    0.00    0.00    0.00    0.00    0.00    0.00  100.00
20:06:41       2    0.00    0.00    0.00    0.00    0.00    0.00    0.00    0.00  100.00
20:06:41       3    0.00    0.00    0.00    0.00    0.00    0.00    0.00    0.00  100.00
20:06:41       4    0.00    0.00    0.00    0.00    0.00    0.00    0.00    0.00  100.00
20:06:41       5    0.00    0.00    0.00    0.00    0.00    0.00    0.00    0.00  100.00
20:06:41       6    0.00    0.00    0.00    0.00    0.00    0.00    0.00    0.00  100.00
20:06:41       7    0.00    0.00    0.00    0.00    0.00    0.00    0.00    0.00  100.00
20:06:41       8    0.00    0.00    0.00    0.00    0.00    0.00    0.00    0.00  100.00
20:06:41       9    0.00    0.00    0.00    0.00    0.00    0.00    0.00    0.00  100.00
20:06:41      10    0.00    0.00    0.00    0.00    0.00    0.00    0.00    0.00  100.00
20:06:41      11    0.00    0.00    0.00    0.00    0.00    0.00    0.00    0.00  100.00
20:06:41      12    0.00    0.00    0.00    0.00    0.00    0.00    0.00    0.00  100.00
20:06:41      13    0.00    0.00    0.00    0.00    0.00    0.00    0.00    0.00  100.00
20:06:41      14    0.00    0.00    0.00    0.00    0.00    0.00    0.00    0.00  100.00
20:06:41      15    0.00    0.00    0.00    0.00    0.00    0.00    0.00    0.00  100.00
20:06:41      16    0.00    0.00    1.02    0.00    0.00    0.00    0.00    0.00   98.98
20:06:41      17    0.00    0.00    0.00    0.00    0.00    0.00    0.00    0.00  100.00
20:06:41      18    0.00    0.00    0.00    0.00    0.00    0.00    0.00    0.00  100.00
20:06:41      19    0.00    0.00    0.00    0.00    0.00    0.00    0.00    0.00  100.00
20:06:41      20    0.00    0.00    0.00    0.00    0.00    0.00    0.00    0.00  100.00
20:06:41      21    0.00    0.00    0.00    0.00    0.00    0.00    0.00    0.00  100.00
20:06:41      22    0.00    0.00    0.00    0.00    0.00    0.00    0.00    0.00  100.00
20:06:41      23    0.00    0.00    0.00    0.00    0.00    0.00    0.00    0.00  100.00
20:06:41      24    0.00    0.00    0.00    0.00    0.00    0.00    0.00    0.00  100.00
20:06:41      25    0.00    0.00    0.00    0.00    0.00    0.00    0.00    0.00  100.00
20:06:41      26    0.00    0.00    0.00    0.00    0.00    0.00    0.00    0.00  100.00
20:06:41      27    0.00    0.00    0.00    0.00    0.00    0.00    0.00    0.00  100.00
20:06:41      28    0.00    0.00    0.00    0.00    0.00    0.00    0.00    0.00  100.00
20:06:41      29    0.00    0.00    0.00    0.00    0.00    0.00    0.00    0.00  100.00
20:06:41      30    0.00    0.00    0.00    0.00    0.00    0.00    0.00    0.00  100.00
20:06:41      31    0.00    0.00    0.00    0.00    0.00    0.00    0.00    0.00  100.00

20:06:41     CPU    %usr   %nice    %sys %iowait    %irq   %soft  %steal  %guest   %idle
20:06:42     all    0.00    0.00    0.09    0.00    0.00    0.00    0.00    0.00   99.91
20:06:42       0    0.00    0.00    1.02    0.00    0.00    0.00    0.00    0.00   98.98
20:06:42       1    0.00    0.00    0.00    0.00    0.00    0.00    0.00    0.00  100.00
20:06:42       2    0.00    0.00    0.00    0.00    0.00    0.00    0.00    0.00  100.00
20:06:42       3    0.00    0.00    0.00    0.00    0.00    0.00    0.00    0.00  100.00
20:06:42       4    0.00    0.00    0.00    0.00    0.00    0.00    0.00    0.00  100.00
20:06:42       5    0.00    0.00    0.00    0.00    0.00    0.00    0.00    0.00  100.00
20:06:42       6    0.00    0.00    0.00    0.00    0.00    0.00    0.00    0.00  100.00
20:06:42       7    0.00    0.00    0.00    0.00    0.00    0.00    0.00    0.00  100.00
20:06:42       8    0.00    0.00    0.00    0.00    0.00    0.00    0.00    0.00  100.00
20:06:42       9    0.00    0.00    0.00    0.00    0.00    0.00    0.00    0.00  100.00
20:06:42      10    0.00    0.00    0.00    0.00    0.00    0.00    0.00    0.00  100.00
20:06:42      11    0.00    0.00    0.00    0.00    0.00    0.00    0.00    0.00  100.00
20:06:42      12    0.00    0.00    0.00    0.00    0.00    0.00    0.00    0.00  100.00
20:06:42      13    0.00    0.00    0.00    0.00    0.00    0.00    0.00    0.00  100.00
20:06:42      14    0.00    0.00    0.00    0.00    0.00    0.00    0.00    0.00  100.00
20:06:42      15    0.00    0.00    0.00    0.00    0.00    0.00    0.00    0.00  100.00
20:06:42      16    0.00    0.00    1.02    0.00    0.00    0.00    0.00    0.00   98.98
20:06:42      17    0.00    0.00    0.00    0.00    0.00    0.00    0.00    0.00  100.00
20:06:42      18    0.00    0.00    0.00    0.00    0.00    0.00    0.00    0.00  100.00
20:06:42      19    0.00    0.00    0.00    0.00    0.00    0.00    0.00    0.00  100.00
20:06:42      20    0.00    0.00    0.00    0.00    0.00    0.00    0.00    0.00  100.00
20:06:42      21    0.00    0.00    0.00    0.00    0.00    0.00    0.00    0.00  100.00
20:06:42      22    0.00    0.00    0.00    0.00    0.00    0.00    0.00    0.00  100.00
20:06:42      23    0.00    0.00    0.00    0.00    0.00    0.00    0.00    0.00  100.00
20:06:42      24    0.00    0.00    0.00    0.00    0.00    0.00    0.00    0.00  100.00
20:06:42      25    0.00    0.00    0.00    0.00    0.00    0.00    0.00    0.00  100.00
20:06:42      26    0.00    0.00    0.00    0.00    0.00    0.00    0.00    0.00  100.00
20:06:42      27    0.00    0.00    0.00    0.00    0.00    0.00    0.00    0.00  100.00
20:06:42      28    0.00    0.00    0.00    0.00    0.00    0.00    0.00    0.00  100.00
20:06:42      29    0.00    0.00    0.00    0.00    0.00    0.00    0.00    0.00  100.00
20:06:42      30    0.00    0.00    0.00    0.00    0.00    0.00    0.00    0.00  100.00
20:06:42      31    0.00    0.00    0.00    0.00    0.00    0.00    0.00    0.00  100.00
