Linux 2.6.32-279.14.1.el6.x86_64 (compute-641-14.local) 	04/20/20 	_x86_64_	(32 CPU)

20:25:43     CPU    %usr   %nice    %sys %iowait    %irq   %soft  %steal  %guest   %idle
20:25:44     all   39.27    0.00    0.88    0.03    0.00    0.03    0.00    0.00   59.79
20:25:44       0    0.00    0.00    1.02    0.00    0.00    0.00    0.00    0.00   98.98
20:25:44       1    0.00    0.00    0.00    0.00    0.00    0.00    0.00    0.00  100.00
20:25:44       2    0.00    0.00    0.00    0.00    0.00    0.00    0.00    0.00  100.00
20:25:44       3    0.00    0.00    0.00    0.00    0.00    0.00    0.00    0.00  100.00
20:25:44       4    0.00    0.00    0.00    0.00    0.00    0.00    0.00    0.00  100.00
20:25:44       5    0.00    0.00    0.00    0.00    0.00    0.00    0.00    0.00  100.00
20:25:44       6    0.00    0.00    1.01    0.00    0.00    0.00    0.00    0.00   98.99
20:25:44       7    0.00    0.00    0.00    0.00    0.00    0.00    0.00    0.00  100.00
20:25:44       8    0.00    0.00    1.00    0.00    0.00    0.00    0.00    0.00   99.00
20:25:44       9    0.00    0.00    0.00    0.00    0.00    0.00    0.00    0.00  100.00
20:25:44      10   62.00    0.00    0.00    0.00    0.00    0.00    0.00    0.00   38.00
20:25:44      11   18.81    0.00    1.98    0.00    0.00    0.00    0.00    0.00   79.21
20:25:44      12    0.00    0.00    0.00    0.00    0.00    0.00    0.00    0.00  100.00
20:25:44      13    4.95    0.00    0.00    0.00    0.00    0.00    0.00    0.00   95.05
20:25:44      14    0.00    0.00    0.00    0.00    0.00    0.00    0.00    0.00  100.00
20:25:44      15   67.00    0.00    0.00    0.00    0.00    0.00    0.00    0.00   33.00
20:25:44      16    0.00    0.00    0.00    0.00    0.00    0.00    0.00    0.00  100.00
20:25:44      17   75.00    0.00    2.00    0.00    0.00    0.00    0.00    0.00   23.00
20:25:44      18   75.00    0.00    2.00    0.00    0.00    0.00    0.00    0.00   23.00
20:25:44      19   78.00    0.00    3.00    0.00    0.00    0.00    0.00    0.00   19.00
20:25:44      20   73.74    0.00    1.01    0.00    0.00    0.00    0.00    0.00   25.25
20:25:44      21   74.75    0.00    0.00    0.00    0.00    0.00    0.00    0.00   25.25
20:25:44      22   75.00    0.00    1.00    0.00    0.00    0.00    0.00    0.00   24.00
20:25:44      23   75.00    0.00    1.00    0.00    0.00    0.00    0.00    0.00   24.00
20:25:44      24   77.45    0.00    1.96    0.00    0.00    0.00    0.00    0.00   20.59
20:25:44      25   78.79    0.00    2.02    0.00    0.00    0.00    0.00    0.00   19.19
20:25:44      26   17.82    0.00    0.99    0.00    0.00    0.00    0.00    0.00   81.19
20:25:44      27   82.18    0.00    1.98    0.00    0.00    0.99    0.00    0.00   14.85
20:25:44      28   78.22    0.00    1.98    0.00    0.00    0.00    0.00    0.00   19.80
20:25:44      29   79.00    0.00    1.00    0.00    0.00    0.00    0.00    0.00   20.00
20:25:44      30   78.00    0.00    1.00    0.00    0.00    0.00    0.00    0.00   21.00
20:25:44      31   88.00    0.00    1.00    0.00    0.00    0.00    0.00    0.00   11.00

20:25:44     CPU    %usr   %nice    %sys %iowait    %irq   %soft  %steal  %guest   %idle
20:25:45     all   15.74    0.00    0.06    0.00    0.00    0.00    0.00    0.00   84.20
20:25:45       0    9.09    0.00    1.01    0.00    0.00    0.00    0.00    0.00   89.90
20:25:45       1    0.00    0.00    0.00    0.00    0.00    0.00    0.00    0.00  100.00
20:25:45       2    0.00    0.00    0.00    0.00    0.00    0.00    0.00    0.00  100.00
20:25:45       3    0.00    0.00    0.00    0.00    0.00    0.00    0.00    0.00  100.00
20:25:45       4    0.00    0.00    0.00    0.00    0.00    0.00    0.00    0.00  100.00
20:25:45       5    0.00    0.00    0.00    0.00    0.00    0.00    0.00    0.00  100.00
20:25:45       6    0.00    0.00    1.02    0.00    0.00    0.00    0.00    0.00   98.98
20:25:45       7    0.00    0.00    0.00    0.00    0.00    0.00    0.00    0.00  100.00
20:25:45       8    0.00    0.00    0.00    0.00    0.00    0.00    0.00    0.00  100.00
20:25:45       9    0.00    0.00    0.00    0.00    0.00    0.00    0.00    0.00  100.00
20:25:45      10   31.00    0.00    0.00    0.00    0.00    0.00    0.00    0.00   69.00
20:25:45      11    0.00    0.00    0.00    0.00    0.00    0.00    0.00    0.00  100.00
20:25:45      12    0.00    0.00    0.00    0.00    0.00    0.00    0.00    0.00  100.00
20:25:45      13    0.00    0.00    0.00    0.00    0.00    0.00    0.00    0.00  100.00
20:25:45      14    0.00    0.00    0.00    0.00    0.00    0.00    0.00    0.00  100.00
20:25:45      15   36.00    0.00    0.00    0.00    0.00    0.00    0.00    0.00   64.00
20:25:45      16    0.00    0.00    0.00    0.00    0.00    0.00    0.00    0.00  100.00
20:25:45      17   29.29    0.00    0.00    0.00    0.00    0.00    0.00    0.00   70.71
20:25:45      18   30.00    0.00    0.00    0.00    0.00    0.00    0.00    0.00   70.00
20:25:45      19   29.70    0.00    0.99    0.00    0.00    0.00    0.00    0.00   69.31
20:25:45      20   29.70    0.00    0.00    0.00    0.00    0.00    0.00    0.00   70.30
20:25:45      21   30.00    0.00    0.00    0.00    0.00    0.00    0.00    0.00   70.00
20:25:45      22   30.00    0.00    0.00    0.00    0.00    0.00    0.00    0.00   70.00
20:25:45      23   30.00    0.00    0.00    0.00    0.00    0.00    0.00    0.00   70.00
20:25:45      24   31.31    0.00    0.00    0.00    0.00    0.00    0.00    0.00   68.69
20:25:45      25   24.00    0.00    0.00    0.00    0.00    0.00    0.00    0.00   76.00
20:25:45      26    0.00    0.00    0.00    0.00    0.00    0.00    0.00    0.00  100.00
20:25:45      27   32.00    0.00    0.00    0.00    0.00    0.00    0.00    0.00   68.00
20:25:45      28   31.00    0.00    0.00    0.00    0.00    0.00    0.00    0.00   69.00
20:25:45      29   31.31    0.00    0.00    0.00    0.00    0.00    0.00    0.00   68.69
20:25:45      30   31.00    0.00    0.00    0.00    0.00    0.00    0.00    0.00   69.00
20:25:45      31   36.00    0.00    0.00    0.00    0.00    0.00    0.00    0.00   64.00

20:25:45     CPU    %usr   %nice    %sys %iowait    %irq   %soft  %steal  %guest   %idle
20:25:46     all    0.00    0.00    0.06    0.00    0.00    0.00    0.00    0.00   99.94
20:25:46       0    0.00    0.00    1.02    0.00    0.00    0.00    0.00    0.00   98.98
20:25:46       1    0.00    0.00    0.00    0.00    0.00    0.00    0.00    0.00  100.00
20:25:46       2    0.00    0.00    0.00    0.00    0.00    0.00    0.00    0.00  100.00
20:25:46       3    0.00    0.00    0.00    0.00    0.00    0.00    0.00    0.00  100.00
20:25:46       4    0.00    0.00    0.00    0.00    0.00    0.00    0.00    0.00  100.00
20:25:46       5    0.00    0.00    0.00    0.00    0.00    0.00    0.00    0.00  100.00
20:25:46       6    0.00    0.00    0.00    0.00    0.00    0.00    0.00    0.00  100.00
20:25:46       7    0.00    0.00    0.00    0.00    0.00    0.00    0.00    0.00  100.00
20:25:46       8    0.00    0.00    0.00    0.00    0.00    0.00    0.00    0.00  100.00
20:25:46       9    0.99    0.00    0.00    0.00    0.00    0.00    0.00    0.00   99.01
20:25:46      10    0.00    0.00    0.00    0.00    0.00    0.00    0.00    0.00  100.00
20:25:46      11    0.00    0.00    0.00    0.00    0.00    0.00    0.00    0.00  100.00
20:25:46      12    0.00    0.00    0.99    0.00    0.00    0.00    0.00    0.00   99.01
20:25:46      13    0.00    0.00    0.00    0.00    0.00    0.00    0.00    0.00  100.00
20:25:46      14    0.00    0.00    0.00    0.00    0.00    0.00    0.00    0.00  100.00
20:25:46      15    0.00    0.00    0.00    0.00    0.00    0.00    0.00    0.00  100.00
20:25:46      16    0.00    0.00    0.00    0.00    0.00    0.00    0.00    0.00  100.00
20:25:46      17    0.00    0.00    0.00    0.00    0.00    0.00    0.00    0.00  100.00
20:25:46      18    0.00    0.00    0.00    0.00    0.00    0.00    0.00    0.00  100.00
20:25:46      19    0.00    0.00    0.00    0.00    0.00    0.00    0.00    0.00  100.00
20:25:46      20    0.00    0.00    0.00    0.00    0.00    0.00    0.00    0.00  100.00
20:25:46      21    0.00    0.00    0.00    0.00    0.00    0.00    0.00    0.00  100.00
20:25:46      22    0.00    0.00    0.00    0.00    0.00    0.00    0.00    0.00  100.00
20:25:46      23    0.00    0.00    0.00    0.00    0.00    0.00    0.00    0.00  100.00
20:25:46      24    0.00    0.00    0.00    0.00    0.00    0.00    0.00    0.00  100.00
20:25:46      25    0.00    0.00    0.00    0.00    0.00    0.00    0.00    0.00  100.00
20:25:46      26    0.00    0.00    0.00    0.00    0.00    0.00    0.00    0.00  100.00
20:25:46      27    0.00    0.00    0.00    0.00    0.00    0.00    0.00    0.00  100.00
20:25:46      28    0.00    0.00    0.00    0.00    0.00    0.00    0.00    0.00  100.00
20:25:46      29    0.00    0.00    0.00    0.00    0.00    0.00    0.00    0.00  100.00
20:25:46      30    0.00    0.00    0.00    0.00    0.00    0.00    0.00    0.00  100.00
20:25:46      31    0.00    0.00    0.00    0.00    0.00    0.00    0.00    0.00  100.00

20:25:46     CPU    %usr   %nice    %sys %iowait    %irq   %soft  %steal  %guest   %idle
20:25:47     all    0.00    0.00    0.06    0.00    0.00    0.00    0.00    0.00   99.94
20:25:47       0    0.00    0.00    1.02    0.00    0.00    0.00    0.00    0.00   98.98
20:25:47       1    0.00    0.00    0.00    0.00    0.00    0.00    0.00    0.00  100.00
20:25:47       2    0.00    0.00    0.00    0.00    0.00    0.00    0.00    0.00  100.00
20:25:47       3    0.00    0.00    0.00    0.00    0.00    0.00    0.00    0.00  100.00
20:25:47       4    0.00    0.00    0.00    0.00    0.00    0.00    0.00    0.00  100.00
20:25:47       5    0.00    0.00    0.00    0.00    0.00    0.00    0.00    0.00  100.00
20:25:47       6    0.00    0.00    0.00    0.00    0.00    0.00    0.00    0.00  100.00
20:25:47       7    0.00    0.00    0.00    0.00    0.00    0.00    0.00    0.00  100.00
20:25:47       8    0.00    0.00    0.00    0.00    0.00    0.00    0.00    0.00  100.00
20:25:47       9    0.00    0.00    0.00    0.00    0.00    0.00    0.00    0.00  100.00
20:25:47      10    0.00    0.00    0.00    0.00    0.00    0.00    0.00    0.00  100.00
20:25:47      11    0.00    0.00    0.00    0.00    0.00    0.00    0.00    0.00  100.00
20:25:47      12    0.00    0.00    0.00    0.00    0.00    0.00    0.00    0.00  100.00
20:25:47      13    0.00    0.00    0.00    0.00    0.00    0.00    0.00    0.00  100.00
20:25:47      14    0.00    0.00    0.00    0.00    0.00    0.00    0.00    0.00  100.00
20:25:47      15    0.00    0.00    0.00    0.00    0.00    0.00    0.00    0.00  100.00
20:25:47      16    0.00    0.00    0.00    0.00    0.00    0.00    0.00    0.00  100.00
20:25:47      17    0.00    0.00    0.00    0.00    0.00    0.00    0.00    0.00  100.00
20:25:47      18    0.00    0.00    0.00    0.00    0.00    0.00    0.00    0.00  100.00
20:25:47      19    0.00    0.00    0.00    0.00    0.00    0.00    0.00    0.00  100.00
20:25:47      20    0.00    0.00    0.00    0.00    0.00    0.00    0.00    0.00  100.00
20:25:47      21    0.00    0.00    0.00    0.00    0.00    0.00    0.00    0.00  100.00
20:25:47      22    0.00    0.00    1.02    0.00    0.00    0.00    0.00    0.00   98.98
20:25:47      23    0.00    0.00    0.00    0.00    0.00    0.00    0.00    0.00  100.00
20:25:47      24    0.00    0.00    0.00    0.00    0.00    0.00    0.00    0.00  100.00
20:25:47      25    0.00    0.00    0.00    0.00    0.00    0.00    0.00    0.00  100.00
20:25:47      26    0.00    0.00    0.00    0.00    0.00    0.00    0.00    0.00  100.00
20:25:47      27    0.00    0.00    0.00    0.00    0.00    0.00    0.00    0.00  100.00
20:25:47      28    0.00    0.00    0.00    0.00    0.00    0.00    0.00    0.00  100.00
20:25:47      29    0.00    0.00    0.00    0.00    0.00    0.00    0.00    0.00  100.00
20:25:47      30    0.00    0.00    0.00    0.00    0.00    0.00    0.00    0.00  100.00
20:25:47      31    0.00    0.00    0.00    0.00    0.00    0.00    0.00    0.00  100.00

20:25:47     CPU    %usr   %nice    %sys %iowait    %irq   %soft  %steal  %guest   %idle
20:25:48     all    0.00    0.00    0.09    0.00    0.00    0.00    0.00    0.00   99.91
20:25:48       0    0.00    0.00    1.02    0.00    0.00    0.00    0.00    0.00   98.98
20:25:48       1    0.00    0.00    0.00    0.00    0.00    0.00    0.00    0.00  100.00
20:25:48       2    0.00    0.00    0.00    0.00    0.00    0.00    0.00    0.00  100.00
20:25:48       3    0.00    0.00    0.00    0.00    0.00    0.00    0.00    0.00  100.00
20:25:48       4    0.00    0.00    0.00    0.00    0.00    0.00    0.00    0.00  100.00
20:25:48       5    0.00    0.00    0.00    0.00    0.00    0.00    0.00    0.00  100.00
20:25:48       6    0.00    0.00    0.00    0.00    0.00    0.00    0.00    0.00  100.00
20:25:48       7    0.00    0.00    0.00    0.00    0.00    0.00    0.00    0.00  100.00
20:25:48       8    0.00    0.00    0.00    0.00    0.00    0.00    0.00    0.00  100.00
20:25:48       9    0.00    0.00    0.00    0.00    0.00    0.00    0.00    0.00  100.00
20:25:48      10    0.00    0.00    0.00    0.00    0.00    0.00    0.00    0.00  100.00
20:25:48      11    0.00    0.00    0.00    0.00    0.00    0.00    0.00    0.00  100.00
20:25:48      12    0.00    0.00    0.00    0.00    0.00    0.00    0.00    0.00  100.00
20:25:48      13    0.00    0.00    0.00    0.00    0.00    0.00    0.00    0.00  100.00
20:25:48      14    0.00    0.00    0.00    0.00    0.00    0.00    0.00    0.00  100.00
20:25:48      15    0.00    0.00    0.00    0.00    0.00    0.00    0.00    0.00  100.00
20:25:48      16    0.00    0.00    0.00    0.00    0.00    0.00    0.00    0.00  100.00
20:25:48      17    0.00    0.00    0.00    0.00    0.00    0.00    0.00    0.00  100.00
20:25:48      18    0.00    0.00    0.00    0.00    0.00    0.00    0.00    0.00  100.00
20:25:48      19    0.00    0.00    0.00    0.00    0.00    0.00    0.00    0.00  100.00
20:25:48      20    0.00    0.00    0.99    0.00    0.00    0.00    0.00    0.00   99.01
20:25:48      21    0.00    0.00    0.00    0.00    0.00    0.00    0.00    0.00  100.00
20:25:48      22    1.02    0.00    0.00    0.00    0.00    0.00    0.00    0.00   98.98
20:25:48      23    0.00    0.00    0.00    0.00    0.00    0.00    0.00    0.00  100.00
20:25:48      24    0.00    0.00    0.00    0.00    0.00    0.00    0.00    0.00  100.00
20:25:48      25    0.00    0.00    0.00    0.00    0.00    0.00    0.00    0.00  100.00
20:25:48      26    0.00    0.00    0.00    0.00    0.00    0.00    0.00    0.00  100.00
20:25:48      27    0.00    0.00    0.00    0.00    0.00    0.00    0.00    0.00  100.00
20:25:48      28    0.00    0.00    0.00    0.00    0.00    0.00    0.00    0.00  100.00
20:25:48      29    0.00    0.00    0.00    0.00    0.00    0.00    0.00    0.00  100.00
20:25:48      30    0.00    0.00    0.00    0.00    0.00    0.00    0.00    0.00  100.00
20:25:48      31    0.00    0.00    0.00    0.00    0.00    0.00    0.00    0.00  100.00

20:25:48     CPU    %usr   %nice    %sys %iowait    %irq   %soft  %steal  %guest   %idle
20:25:49     all    0.03    0.00    0.06    0.00    0.00    0.00    0.00    0.00   99.91
20:25:49       0    0.00    0.00    1.02    0.00    0.00    0.00    0.00    0.00   98.98
20:25:49       1    0.00    0.00    0.00    0.00    0.00    0.00    0.00    0.00  100.00
20:25:49       2    0.00    0.00    0.00    0.00    0.00    0.00    0.00    0.00  100.00
20:25:49       3    0.00    0.00    0.00    0.00    0.00    0.00    0.00    0.00  100.00
20:25:49       4    0.00    0.00    0.00    0.00    0.00    0.00    0.00    0.00  100.00
20:25:49       5    0.00    0.00    0.00    0.00    0.00    0.00    0.00    0.00  100.00
20:25:49       6    0.00    0.00    0.00    0.00    0.00    0.00    0.00    0.00  100.00
20:25:49       7    0.00    0.00    0.00    0.00    0.00    0.00    0.00    0.00  100.00
20:25:49       8    0.00    0.00    0.00    0.00    0.00    0.00    0.00    0.00  100.00
20:25:49       9    0.00    0.00    0.00    0.00    0.00    0.00    0.00    0.00  100.00
20:25:49      10    0.00    0.00    0.00    0.00    0.00    0.00    0.00    0.00  100.00
20:25:49      11    0.00    0.00    0.00    0.00    0.00    0.00    0.00    0.00  100.00
20:25:49      12    0.00    0.00    0.00    0.99    0.00    0.00    0.00    0.00   99.01
20:25:49      13    0.00    0.00    0.00    0.00    0.00    0.00    0.00    0.00  100.00
20:25:49      14    0.00    0.00    0.00    0.00    0.00    0.00    0.00    0.00  100.00
20:25:49      15    0.00    0.00    0.00    0.00    0.00    0.00    0.00    0.00  100.00
20:25:49      16    0.00    0.00    0.00    0.00    0.00    0.00    0.00    0.00  100.00
20:25:49      17    0.00    0.00    0.00    0.00    0.00    0.00    0.00    0.00  100.00
20:25:49      18    0.00    0.00    0.00    0.00    0.00    0.00    0.00    0.00  100.00
20:25:49      19    0.00    0.00    0.00    0.00    0.00    0.00    0.00    0.00  100.00
20:25:49      20    0.00    0.00    0.00    0.00    0.00    0.00    0.00    0.00  100.00
20:25:49      21    0.00    0.00    0.00    0.00    0.00    0.00    0.00    0.00  100.00
20:25:49      22    0.00    0.00    0.00    0.00    0.00    0.00    0.00    0.00  100.00
20:25:49      23    0.00    0.00    0.00    0.00    0.00    0.00    0.00    0.00  100.00
20:25:49      24    0.00    0.00    0.00    0.00    0.00    0.00    0.00    0.00  100.00
20:25:49      25    0.00    0.00    0.00    0.00    0.00    0.00    0.00    0.00  100.00
20:25:49      26    0.00    0.00    0.00    0.00    0.00    0.00    0.00    0.00  100.00
20:25:49      27    0.00    0.00    0.00    0.00    0.00    0.00    0.00    0.00  100.00
20:25:49      28    0.00    0.00    0.00    0.00    0.00    0.00    0.00    0.00  100.00
20:25:49      29    0.00    0.00    0.00    0.00    0.00    0.00    0.00    0.00  100.00
20:25:49      30    0.00    0.00    0.00    0.00    0.00    0.00    0.00    0.00  100.00
20:25:49      31    0.00    0.00    0.00    0.00    0.00    0.00    0.00    0.00  100.00

20:25:49     CPU    %usr   %nice    %sys %iowait    %irq   %soft  %steal  %guest   %idle
20:25:50     all    0.00    0.00    0.06    0.00    0.00    0.00    0.00    0.00   99.94
20:25:50       0    0.00    0.00    0.00    0.00    0.00    0.00    0.00    0.00  100.00
20:25:50       1    0.00    0.00    0.00    0.00    0.00    0.00    0.00    0.00  100.00
20:25:50       2    0.00    0.00    0.00    0.00    0.00    0.00    0.00    0.00  100.00
20:25:50       3    0.00    0.00    0.00    0.00    0.00    0.00    0.00    0.00  100.00
20:25:50       4    0.00    0.00    0.00    0.00    0.00    0.00    0.00    0.00  100.00
20:25:50       5    0.00    0.00    0.00    0.00    0.00    0.00    0.00    0.00  100.00
20:25:50       6    0.00    0.00    0.00    0.00    0.00    0.00    0.00    0.00  100.00
20:25:50       7    0.00    0.00    0.00    0.00    0.00    0.00    0.00    0.00  100.00
20:25:50       8    0.00    0.00    0.00    0.00    0.00    0.00    0.00    0.00  100.00
20:25:50       9    0.00    0.00    0.00    0.00    0.00    0.00    0.00    0.00  100.00
20:25:50      10    0.00    0.00    0.00    0.00    0.00    0.00    0.00    0.00  100.00
20:25:50      11    0.00    0.00    0.00    0.00    0.00    0.00    0.00    0.00  100.00
20:25:50      12    0.00    0.00    0.00    0.00    0.00    0.00    0.00    0.00  100.00
20:25:50      13    0.00    0.00    0.00    0.00    0.00    0.00    0.00    0.00  100.00
20:25:50      14    0.00    0.00    0.00    0.00    0.00    0.00    0.00    0.00  100.00
20:25:50      15    0.00    0.00    0.00    0.00    0.00    0.00    0.00    0.00  100.00
20:25:50      16    0.00    0.00    0.00    0.00    0.00    0.00    0.00    0.00  100.00
20:25:50      17    0.00    0.00    0.00    0.00    0.00    0.00    0.00    0.00  100.00
20:25:50      18    0.00    0.00    0.00    0.00    0.00    0.00    0.00    0.00  100.00
20:25:50      19    0.00    0.00    0.00    0.00    0.00    0.00    0.00    0.00  100.00
20:25:50      20    0.00    0.00    0.00    0.00    0.00    0.00    0.00    0.00  100.00
20:25:50      21    0.00    0.00    0.00    0.00    0.00    0.00    0.00    0.00  100.00
20:25:50      22    0.00    0.00    2.02    0.00    0.00    0.00    0.00    0.00   97.98
20:25:50      23    0.00    0.00    0.00    0.00    0.00    0.00    0.00    0.00  100.00
20:25:50      24    0.00    0.00    0.00    0.00    0.00    0.00    0.00    0.00  100.00
20:25:50      25    0.00    0.00    0.00    0.00    0.00    0.00    0.00    0.00  100.00
20:25:50      26    0.00    0.00    0.00    0.00    0.00    0.00    0.00    0.00  100.00
20:25:50      27    0.00    0.00    0.00    0.00    0.00    0.00    0.00    0.00  100.00
20:25:50      28    0.00    0.00    0.00    0.00    0.00    0.00    0.00    0.00  100.00
20:25:50      29    0.00    0.00    0.00    0.00    0.00    0.00    0.00    0.00  100.00
20:25:50      30    0.00    0.00    0.00    0.00    0.00    0.00    0.00    0.00  100.00
20:25:50      31    0.00    0.00    0.00    0.00    0.00    0.00    0.00    0.00  100.00

20:25:50     CPU    %usr   %nice    %sys %iowait    %irq   %soft  %steal  %guest   %idle
20:25:51     all    0.03    0.00    0.06    0.00    0.00    0.00    0.00    0.00   99.91
20:25:51       0    0.00    0.00    2.04    0.00    0.00    0.00    0.00    0.00   97.96
20:25:51       1    0.00    0.00    0.00    0.00    0.00    0.00    0.00    0.00  100.00
20:25:51       2    0.00    0.00    0.00    0.00    0.00    0.00    0.00    0.00  100.00
20:25:51       3    0.00    0.00    0.00    0.00    0.00    0.00    0.00    0.00  100.00
20:25:51       4    0.00    0.00    0.00    0.00    0.00    0.00    0.00    0.00  100.00
20:25:51       5    0.00    0.00    0.00    0.00    0.00    0.00    0.00    0.00  100.00
20:25:51       6    0.00    0.00    0.00    0.00    0.00    0.00    0.00    0.00  100.00
20:25:51       7    0.00    0.00    0.00    0.00    0.00    0.00    0.00    0.00  100.00
20:25:51       8    0.00    0.00    0.00    0.00    0.00    0.00    0.00    0.00  100.00
20:25:51       9    0.00    0.00    0.99    0.00    0.00    0.00    0.00    0.00   99.01
20:25:51      10    0.00    0.00    0.00    0.00    0.00    0.00    0.00    0.00  100.00
20:25:51      11    0.00    0.00    0.00    0.00    0.00    0.00    0.00    0.00  100.00
20:25:51      12    0.00    0.00    0.00    0.00    0.00    0.00    0.00    0.00  100.00
20:25:51      13    0.00    0.00    0.00    0.00    0.00    0.00    0.00    0.00  100.00
20:25:51      14    0.00    0.00    0.00    0.00    0.00    0.00    0.00    0.00  100.00
20:25:51      15    0.00    0.00    0.00    0.00    0.00    0.00    0.00    0.00  100.00
20:25:51      16    0.00    0.00    0.00    0.00    0.00    0.00    0.00    0.00  100.00
20:25:51      17    0.00    0.00    0.00    0.00    0.00    0.00    0.00    0.00  100.00
20:25:51      18    0.00    0.00    0.00    0.00    0.00    0.00    0.00    0.00  100.00
20:25:51      19    0.00    0.00    0.00    0.00    0.00    0.00    0.00    0.00  100.00
20:25:51      20    0.00    0.00    0.00    0.00    0.00    0.00    0.00    0.00  100.00
20:25:51      21    0.00    0.00    0.00    0.00    0.00    0.00    0.00    0.00  100.00
20:25:51      22    0.00    0.00    0.00    0.00    0.00    0.00    0.00    0.00  100.00
20:25:51      23    0.00    0.00    0.00    0.00    0.00    0.00    0.00    0.00  100.00
20:25:51      24    0.00    0.00    0.00    0.00    0.00    0.00    0.00    0.00  100.00
20:25:51      25    0.00    0.00    0.00    0.00    0.00    0.00    0.00    0.00  100.00
20:25:51      26    0.00    0.00    0.00    0.00    0.00    0.00    0.00    0.00  100.00
20:25:51      27    0.00    0.00    0.00    0.00    0.00    0.00    0.00    0.00  100.00
20:25:51      28    0.00    0.00    0.00    0.00    0.00    0.00    0.00    0.00  100.00
20:25:51      29    0.00    0.00    0.00    0.00    0.00    0.00    0.00    0.00  100.00
20:25:51      30    0.00    0.00    0.00    0.00    0.00    0.00    0.00    0.00  100.00
20:25:51      31    0.00    0.00    0.00    0.00    0.00    0.00    0.00    0.00  100.00

20:25:51     CPU    %usr   %nice    %sys %iowait    %irq   %soft  %steal  %guest   %idle
20:25:52     all    0.00    0.00    0.06    0.00    0.00    0.00    0.00    0.00   99.94
20:25:52       0    0.00    0.00    1.02    0.00    0.00    0.00    0.00    0.00   98.98
20:25:52       1    0.00    0.00    0.00    0.00    0.00    0.00    0.00    0.00  100.00
20:25:52       2    0.00    0.00    0.99    0.00    0.00    0.00    0.00    0.00   99.01
20:25:52       3    0.00    0.00    0.00    0.00    0.00    0.00    0.00    0.00  100.00
20:25:52       4    0.00    0.00    0.00    0.00    0.00    0.00    0.00    0.00  100.00
20:25:52       5    0.00    0.00    0.00    0.00    0.00    0.00    0.00    0.00  100.00
20:25:52       6    0.00    0.00    0.00    0.00    0.00    0.00    0.00    0.00  100.00
20:25:52       7    0.00    0.00    0.00    0.00    0.00    0.00    0.00    0.00  100.00
20:25:52       8    0.00    0.00    0.00    0.00    0.00    0.00    0.00    0.00  100.00
20:25:52       9    0.00    0.00    0.00    0.00    0.00    0.00    0.00    0.00  100.00
20:25:52      10    0.00    0.00    0.00    0.00    0.00    0.00    0.00    0.00  100.00
20:25:52      11    0.00    0.00    0.00    0.00    0.00    0.00    0.00    0.00  100.00
20:25:52      12    0.00    0.00    0.00    0.00    0.00    0.00    0.00    0.00  100.00
20:25:52      13    0.00    0.00    0.00    0.00    0.00    0.00    0.00    0.00  100.00
20:25:52      14    0.00    0.00    0.00    0.00    0.00    0.00    0.00    0.00  100.00
20:25:52      15    0.00    0.00    0.00    0.00    0.00    0.00    0.00    0.00  100.00
20:25:52      16    1.01    0.00    1.01    0.00    0.00    0.00    0.00    0.00   97.98
20:25:52      17    0.00    0.00    0.00    0.00    0.00    0.00    0.00    0.00  100.00
20:25:52      18    0.00    0.00    0.00    0.00    0.00    0.00    0.00    0.00  100.00
20:25:52      19    0.00    0.00    0.00    0.00    0.00    0.00    0.00    0.00  100.00
20:25:52      20    0.00    0.00    0.00    0.00    0.00    0.00    0.00    0.00  100.00
20:25:52      21    0.00    0.00    0.00    0.00    0.00    0.00    0.00    0.00  100.00
20:25:52      22    0.00    0.00    0.00    0.00    0.00    0.00    0.00    0.00  100.00
20:25:52      23    0.00    0.00    0.00    0.00    0.00    0.00    0.00    0.00  100.00
20:25:52      24    0.00    0.00    0.00    0.00    0.00    0.00    0.00    0.00  100.00
20:25:52      25    0.00    0.00    0.00    0.00    0.00    0.00    0.00    0.00  100.00
20:25:52      26    0.00    0.00    0.00    0.00    0.00    0.00    0.00    0.00  100.00
20:25:52      27    0.00    0.00    0.00    0.00    0.00    0.00    0.00    0.00  100.00
20:25:52      28    0.00    0.00    0.00    0.00    0.00    0.00    0.00    0.00  100.00
20:25:52      29    0.00    0.00    0.00    0.00    0.00    0.00    0.00    0.00  100.00
20:25:52      30    0.00    0.00    0.00    0.00    0.00    0.00    0.00    0.00  100.00
20:25:52      31    0.00    0.00    0.00    0.00    0.00    0.00    0.00    0.00  100.00

20:25:52     CPU    %usr   %nice    %sys %iowait    %irq   %soft  %steal  %guest   %idle
20:25:53     all    0.03    0.00    0.09    0.00    0.00    0.00    0.00    0.00   99.87
20:25:53       0    0.00    0.00    1.02    0.00    0.00    0.00    0.00    0.00   98.98
20:25:53       1    0.00    0.00    1.00    0.00    0.00    0.00    0.00    0.00   99.00
20:25:53       2    0.00    0.00    0.00    0.00    0.00    0.00    0.00    0.00  100.00
20:25:53       3    0.00    0.00    0.00    0.00    0.00    0.00    0.00    0.00  100.00
20:25:53       4    0.00    0.00    0.00    0.00    0.00    0.00    0.00    0.00  100.00
20:25:53       5    0.00    0.00    0.00    0.00    0.00    0.00    0.00    0.00  100.00
20:25:53       6    0.00    0.00    0.00    0.00    0.00    0.00    0.00    0.00  100.00
20:25:53       7    0.00    0.00    0.00    0.00    0.00    0.00    0.00    0.00  100.00
20:25:53       8    0.00    0.00    0.00    0.00    0.00    0.00    0.00    0.00  100.00
20:25:53       9    0.00    0.00    0.00    0.00    0.00    0.00    0.00    0.00  100.00
20:25:53      10    0.00    0.00    0.00    0.00    0.00    0.00    0.00    0.00  100.00
20:25:53      11    0.00    0.00    0.00    0.00    0.00    0.00    0.00    0.00  100.00
20:25:53      12    0.00    0.00    0.00    0.00    0.00    0.00    0.00    0.00  100.00
20:25:53      13    0.00    0.00    0.00    0.00    0.00    0.00    0.00    0.00  100.00
20:25:53      14    0.00    0.00    0.00    0.00    0.00    0.00    0.00    0.00  100.00
20:25:53      15    0.00    0.00    0.00    0.00    0.00    0.00    0.00    0.00  100.00
20:25:53      16    0.00    0.00    1.02    0.00    0.00    0.00    0.00    0.00   98.98
20:25:53      17    0.00    0.00    0.00    0.00    0.00    0.00    0.00    0.00  100.00
20:25:53      18    0.00    0.00    0.00    0.00    0.00    0.00    0.00    0.00  100.00
20:25:53      19    0.00    0.00    0.00    0.00    0.00    0.00    0.00    0.00  100.00
20:25:53      20    0.00    0.00    0.00    0.00    0.00    0.00    0.00    0.00  100.00
20:25:53      21    0.00    0.00    0.00    0.00    0.00    0.00    0.00    0.00  100.00
20:25:53      22    0.00    0.00    0.00    0.00    0.00    0.00    0.00    0.00  100.00
20:25:53      23    0.00    0.00    0.00    0.00    0.00    0.00    0.00    0.00  100.00
20:25:53      24    0.00    0.00    0.00    0.00    0.00    0.00    0.00    0.00  100.00
20:25:53      25    0.00    0.00    0.00    0.00    0.00    0.00    0.00    0.00  100.00
20:25:53      26    0.00    0.00    0.00    0.00    0.00    0.00    0.00    0.00  100.00
20:25:53      27    0.00    0.00    0.99    0.00    0.00    0.00    0.00    0.00   99.01
20:25:53      28    0.00    0.00    0.00    0.00    0.00    0.00    0.00    0.00  100.00
20:25:53      29    0.00    0.00    0.00    0.00    0.00    0.00    0.00    0.00  100.00
20:25:53      30    0.00    0.00    0.00    0.00    0.00    0.00    0.00    0.00  100.00
20:25:53      31    0.00    0.00    0.00    0.00    0.00    0.00    0.00    0.00  100.00

20:25:53     CPU    %usr   %nice    %sys %iowait    %irq   %soft  %steal  %guest   %idle
20:25:54     all    0.00    0.00    0.09    0.00    0.00    0.00    0.00    0.00   99.91
20:25:54       0    0.00    0.00    1.01    0.00    0.00    0.00    0.00    0.00   98.99
20:25:54       1    0.00    0.00    0.00    0.00    0.00    0.00    0.00    0.00  100.00
20:25:54       2    0.00    0.00    0.00    0.00    0.00    0.00    0.00    0.00  100.00
20:25:54       3    0.00    0.00    0.00    0.00    0.00    0.00    0.00    0.00  100.00
20:25:54       4    0.00    0.00    0.00    0.00    0.00    0.00    0.00    0.00  100.00
20:25:54       5    0.00    0.00    0.00    0.00    0.00    0.00    0.00    0.00  100.00
20:25:54       6    0.00    0.00    0.00    0.00    0.00    0.00    0.00    0.00  100.00
20:25:54       7    0.00    0.00    0.00    0.00    0.00    0.00    0.00    0.00  100.00
20:25:54       8    0.00    0.00    0.00    0.00    0.00    0.00    0.00    0.00  100.00
20:25:54       9    0.00    0.00    0.00    0.00    0.00    0.00    0.00    0.00  100.00
20:25:54      10    0.00    0.00    0.00    0.00    0.00    0.00    0.00    0.00  100.00
20:25:54      11    0.00    0.00    0.00    0.00    0.00    0.00    0.00    0.00  100.00
20:25:54      12    0.00    0.00    0.00    0.00    0.00    0.00    0.00    0.00  100.00
20:25:54      13    0.00    0.00    0.00    0.00    0.00    0.00    0.00    0.00  100.00
20:25:54      14    0.00    0.00    0.00    0.00    0.00    0.00    0.00    0.00  100.00
20:25:54      15    0.00    0.00    0.00    0.00    0.00    0.00    0.00    0.00  100.00
20:25:54      16    0.00    0.00    1.01    0.00    0.00    0.00    0.00    0.00   98.99
20:25:54      17    0.00    0.00    0.00    0.00    0.00    0.00    0.00    0.00  100.00
20:25:54      18    0.00    0.00    0.00    0.00    0.00    0.00    0.00    0.00  100.00
20:25:54      19    0.00    0.00    0.00    0.00    0.00    0.00    0.00    0.00  100.00
20:25:54      20    0.00    0.00    0.00    0.00    0.00    0.00    0.00    0.00  100.00
20:25:54      21    0.00    0.00    0.00    0.00    0.00    0.00    0.00    0.00  100.00
20:25:54      22    0.00    0.00    0.00    0.00    0.00    0.00    0.00    0.00  100.00
20:25:54      23    0.00    0.00    0.00    0.00    0.00    0.00    0.00    0.00  100.00
20:25:54      24    0.00    0.00    0.00    0.00    0.00    0.00    0.00    0.00  100.00
20:25:54      25    0.00    0.00    0.00    0.00    0.00    0.00    0.00    0.00  100.00
20:25:54      26    0.00    0.00    0.00    0.00    0.00    0.00    0.00    0.00  100.00
20:25:54      27    0.00    0.00    0.00    0.00    0.00    0.00    0.00    0.00  100.00
20:25:54      28    0.00    0.00    0.00    0.00    0.00    0.00    0.00    0.00  100.00
20:25:54      29    0.00    0.00    0.00    0.00    0.00    0.00    0.00    0.00  100.00
20:25:54      30    0.00    0.00    0.00    0.00    0.00    0.00    0.00    0.00  100.00
20:25:54      31    0.00    0.00    0.00    0.00    0.00    0.00    0.00    0.00  100.00

20:25:54     CPU    %usr   %nice    %sys %iowait    %irq   %soft  %steal  %guest   %idle
20:25:55     all    0.03    0.00    0.13    0.00    0.00    0.00    0.00    0.00   99.84
20:25:55       0    0.00    0.00    1.02    0.00    0.00    0.00    0.00    0.00   98.98
20:25:55       1    0.00    0.00    0.00    0.00    0.00    0.00    0.00    0.00  100.00
20:25:55       2    0.00    0.00    0.00    0.00    0.00    0.00    0.00    0.00  100.00
20:25:55       3    0.00    0.00    0.00    0.00    0.00    0.00    0.00    0.00  100.00
20:25:55       4    0.00    0.00    0.00    0.00    0.00    0.00    0.00    0.00  100.00
20:25:55       5    0.00    0.00    0.00    0.00    0.00    0.00    0.00    0.00  100.00
20:25:55       6    0.00    0.00    0.00    0.00    0.00    0.00    0.00    0.00  100.00
20:25:55       7    0.00    0.00    0.00    0.00    0.00    0.00    0.00    0.00  100.00
20:25:55       8    0.00    0.00    0.00    0.00    0.00    0.00    0.00    0.00  100.00
20:25:55       9    0.00    0.00    0.00    0.00    0.00    0.00    0.00    0.00  100.00
20:25:55      10    0.00    0.00    0.00    0.00    0.00    0.00    0.00    0.00  100.00
20:25:55      11    0.00    0.00    0.00    0.00    0.00    0.00    0.00    0.00  100.00
20:25:55      12    0.00    0.00    0.00    0.00    0.00    0.00    0.00    0.00  100.00
20:25:55      13    0.00    0.00    0.00    0.00    0.00    0.00    0.00    0.00  100.00
20:25:55      14    0.00    0.00    0.00    0.00    0.00    0.00    0.00    0.00  100.00
20:25:55      15    0.00    0.00    0.00    0.00    0.00    0.00    0.00    0.00  100.00
20:25:55      16    1.01    0.00    1.01    0.00    0.00    0.00    0.00    0.00   97.98
20:25:55      17    0.00    0.00    0.00    0.00    0.00    0.00    0.00    0.00  100.00
20:25:55      18    0.00    0.00    2.00    0.00    0.00    0.00    0.00    0.00   98.00
20:25:55      19    0.00    0.00    0.00    0.00    0.00    0.00    0.00    0.00  100.00
20:25:55      20    0.00    0.00    0.00    0.00    0.00    0.00    0.00    0.00  100.00
20:25:55      21    0.00    0.00    0.00    0.00    0.00    0.00    0.00    0.00  100.00
20:25:55      22    0.00    0.00    0.00    0.00    0.00    0.00    0.00    0.00  100.00
20:25:55      23    0.00    0.00    0.00    0.00    0.00    0.00    0.00    0.00  100.00
20:25:55      24    0.00    0.00    0.00    0.00    0.00    0.00    0.00    0.00  100.00
20:25:55      25    0.00    0.00    0.00    0.00    0.00    0.00    0.00    0.00  100.00
20:25:55      26    0.00    0.00    0.00    0.00    0.00    0.00    0.00    0.00  100.00
20:25:55      27    0.00    0.00    0.00    0.00    0.00    0.00    0.00    0.00  100.00
20:25:55      28    0.00    0.00    0.00    0.00    0.00    0.00    0.00    0.00  100.00
20:25:55      29    0.00    0.00    0.00    0.00    0.00    0.00    0.00    0.00  100.00
20:25:55      30    0.00    0.00    0.00    0.00    0.00    0.00    0.00    0.00  100.00
20:25:55      31    0.00    0.00    0.00    0.00    0.00    0.00    0.00    0.00  100.00

20:25:55     CPU    %usr   %nice    %sys %iowait    %irq   %soft  %steal  %guest   %idle
20:25:56     all    0.00    0.00    0.06    0.00    0.00    0.00    0.00    0.00   99.94
20:25:56       0    0.00    0.00    1.02    0.00    0.00    0.00    0.00    0.00   98.98
20:25:56       1    0.00    0.00    0.00    0.00    0.00    0.00    0.00    0.00  100.00
20:25:56       2    0.00    0.00    0.00    0.00    0.00    0.00    0.00    0.00  100.00
20:25:56       3    0.00    0.00    0.00    0.00    0.00    0.00    0.00    0.00  100.00
20:25:56       4    0.00    0.00    0.00    0.00    0.00    0.00    0.00    0.00  100.00
20:25:56       5    0.00    0.00    0.00    0.00    0.00    0.00    0.00    0.00  100.00
20:25:56       6    0.00    0.00    0.00    0.00    0.00    0.00    0.00    0.00  100.00
20:25:56       7    0.00    0.00    0.00    0.00    0.00    0.00    0.00    0.00  100.00
20:25:56       8    0.00    0.00    0.00    0.00    0.00    0.00    0.00    0.00  100.00
20:25:56       9    0.00    0.00    0.00    0.00    0.00    0.00    0.00    0.00  100.00
20:25:56      10    0.00    0.00    0.00    0.00    0.00    0.00    0.00    0.00  100.00
20:25:56      11    0.00    0.00    0.00    0.00    0.00    0.00    0.00    0.00  100.00
20:25:56      12    0.00    0.00    0.00    0.00    0.00    0.00    0.00    0.00  100.00
20:25:56      13    0.00    0.00    0.00    0.00    0.00    0.00    0.00    0.00  100.00
20:25:56      14    0.00    0.00    0.00    0.00    0.00    0.00    0.00    0.00  100.00
20:25:56      15    0.00    0.00    0.00    0.00    0.00    0.00    0.00    0.00  100.00
20:25:56      16    0.00    0.00    0.00    0.00    0.00    0.00    0.00    0.00  100.00
20:25:56      17    0.00    0.00    0.00    0.00    0.00    0.00    0.00    0.00  100.00
20:25:56      18    0.00    0.00    0.00    0.00    0.00    0.00    0.00    0.00  100.00
20:25:56      19    0.00    0.00    0.00    0.00    0.00    0.00    0.00    0.00  100.00
20:25:56      20    0.00    0.00    0.00    0.00    0.00    0.00    0.00    0.00  100.00
20:25:56      21    0.00    0.00    0.00    0.00    0.00    0.00    0.00    0.00  100.00
20:25:56      22    0.00    0.00    0.00    0.00    0.00    0.00    0.00    0.00  100.00
20:25:56      23    0.00    0.00    0.00    0.00    0.00    0.00    0.00    0.00  100.00
20:25:56      24    0.00    0.00    0.00    0.00    0.00    0.00    0.00    0.00  100.00
20:25:56      25    0.00    0.00    0.00    0.00    0.00    0.00    0.00    0.00  100.00
20:25:56      26    0.00    0.00    0.00    0.00    0.00    0.00    0.00    0.00  100.00
20:25:56      27    0.00    0.00    0.00    0.00    0.00    0.00    0.00    0.00  100.00
20:25:56      28    0.00    0.00    0.00    0.00    0.00    0.00    0.00    0.00  100.00
20:25:56      29    0.00    0.00    0.00    0.00    0.00    0.00    0.00    0.00  100.00
20:25:56      30    0.00    0.00    0.00    0.00    0.00    0.00    0.00    0.00  100.00
20:25:56      31    0.00    0.00    0.00    0.00    0.00    0.00    0.00    0.00  100.00

20:25:56     CPU    %usr   %nice    %sys %iowait    %irq   %soft  %steal  %guest   %idle
20:25:57     all    0.00    0.00    0.03    0.00    0.00    0.00    0.00    0.00   99.97
20:25:57       0    0.00    0.00    1.02    0.00    0.00    0.00    0.00    0.00   98.98
20:25:57       1    0.00    0.00    0.00    0.00    0.00    0.00    0.00    0.00  100.00
20:25:57       2    0.00    0.00    0.00    0.00    0.00    0.00    0.00    0.00  100.00
20:25:57       3    0.00    0.00    0.00    0.00    0.00    0.00    0.00    0.00  100.00
20:25:57       4    0.00    0.00    0.00    0.00    0.00    0.00    0.00    0.00  100.00
20:25:57       5    0.00    0.00    0.00    0.00    0.00    0.00    0.00    0.00  100.00
20:25:57       6    0.00    0.00    0.00    0.00    0.00    0.00    0.00    0.00  100.00
20:25:57       7    0.00    0.00    0.00    0.00    0.00    0.00    0.00    0.00  100.00
20:25:57       8    0.00    0.00    0.00    0.00    0.00    0.00    0.00    0.00  100.00
20:25:57       9    0.00    0.00    0.00    0.00    0.00    0.00    0.00    0.00  100.00
20:25:57      10    0.00    0.00    0.00    0.00    0.00    0.00    0.00    0.00  100.00
20:25:57      11    0.00    0.00    0.00    0.00    0.00    0.00    0.00    0.00  100.00
20:25:57      12    0.00    0.00    0.00    0.00    0.00    0.00    0.00    0.00  100.00
20:25:57      13    0.00    0.00    0.00    0.00    0.00    0.00    0.00    0.00  100.00
20:25:57      14    0.00    0.00    0.00    0.00    0.00    0.00    0.00    0.00  100.00
20:25:57      15    0.00    0.00    0.00    0.00    0.00    0.00    0.00    0.00  100.00
20:25:57      16    0.00    0.00    1.02    0.00    0.00    0.00    0.00    0.00   98.98
20:25:57      17    0.00    0.00    0.00    0.00    0.00    0.00    0.00    0.00  100.00
20:25:57      18    0.00    0.00    0.00    0.00    0.00    0.00    0.00    0.00  100.00
20:25:57      19    0.00    0.00    0.00    0.00    0.00    0.00    0.00    0.00  100.00
20:25:57      20    0.00    0.00    0.00    0.00    0.00    0.00    0.00    0.00  100.00
20:25:57      21    0.00    0.00    0.00    0.00    0.00    0.00    0.00    0.00  100.00
20:25:57      22    0.00    0.00    0.00    0.00    0.00    0.00    0.00    0.00  100.00
20:25:57      23    0.00    0.00    0.00    0.00    0.00    0.00    0.00    0.00  100.00
20:25:57      24    0.00    0.00    0.00    0.00    0.00    0.00    0.00    0.00  100.00
20:25:57      25    0.00    0.00    0.00    0.00    0.00    0.00    0.00    0.00  100.00
20:25:57      26    0.00    0.00    0.00    0.00    0.00    0.00    0.00    0.00  100.00
20:25:57      27    0.00    0.00    0.00    0.00    0.00    0.00    0.00    0.00  100.00
20:25:57      28    0.00    0.00    0.00    0.00    0.00    0.00    0.00    0.00  100.00
20:25:57      29    0.00    0.00    0.00    0.00    0.00    0.00    0.00    0.00  100.00
20:25:57      30    0.00    0.00    0.00    0.00    0.00    0.00    0.00    0.00  100.00
20:25:57      31    0.00    0.00    0.00    0.00    0.00    0.00    0.00    0.00  100.00

20:25:57     CPU    %usr   %nice    %sys %iowait    %irq   %soft  %steal  %guest   %idle
20:25:58     all    0.03    0.00    0.09    0.00    0.00    0.00    0.00    0.00   99.87
20:25:58       0    0.00    0.00    1.02    0.00    0.00    0.00    0.00    0.00   98.98
20:25:58       1    0.00    0.00    0.00    0.00    0.00    0.00    0.00    0.00  100.00
20:25:58       2    0.00    0.00    0.00    0.00    0.00    0.00    0.00    0.00  100.00
20:25:58       3    0.00    0.00    0.00    0.00    0.00    0.00    0.00    0.00  100.00
20:25:58       4    0.00    0.00    0.00    0.00    0.00    0.00    0.00    0.00  100.00
20:25:58       5    0.00    0.00    0.00    0.00    0.00    0.00    0.00    0.00  100.00
20:25:58       6    0.00    0.00    0.00    0.00    0.00    0.00    0.00    0.00  100.00
20:25:58       7    0.00    0.00    0.00    0.00    0.00    0.00    0.00    0.00  100.00
20:25:58       8    0.00    0.00    0.00    0.00    0.00    0.00    0.00    0.00  100.00
20:25:58       9    0.00    0.00    0.00    0.00    0.00    0.00    0.00    0.00  100.00
20:25:58      10    0.00    0.00    0.99    0.00    0.00    0.00    0.00    0.00   99.01
20:25:58      11    0.00    0.00    0.00    0.00    0.00    0.00    0.00    0.00  100.00
20:25:58      12    0.00    0.00    0.00    0.00    0.00    0.00    0.00    0.00  100.00
20:25:58      13    0.00    0.00    0.00    0.00    0.00    0.00    0.00    0.00  100.00
20:25:58      14    0.00    0.00    0.00    0.00    0.00    0.00    0.00    0.00  100.00
20:25:58      15    0.00    0.00    0.00    0.00    0.00    0.00    0.00    0.00  100.00
20:25:58      16    0.00    0.00    0.00    0.00    0.00    0.00    0.00    0.00  100.00
20:25:58      17    0.00    0.00    0.00    0.00    0.00    0.00    0.00    0.00  100.00
20:25:58      18    0.00    0.00    0.00    0.00    0.00    0.00    0.00    0.00  100.00
20:25:58      19    0.00    0.00    0.00    0.00    0.00    0.00    0.00    0.00  100.00
20:25:58      20    0.00    0.00    0.00    0.00    0.00    0.00    0.00    0.00  100.00
20:25:58      21    0.00    0.00    0.00    0.00    0.00    0.00    0.00    0.00  100.00
20:25:58      22    0.00    0.00    0.00    0.00    0.00    0.00    0.00    0.00  100.00
20:25:58      23    0.00    0.00    0.00    0.00    0.00    0.00    0.00    0.00  100.00
20:25:58      24    0.00    0.00    0.00    0.00    0.00    0.00    0.00    0.00  100.00
20:25:58      25    0.00    0.00    0.00    0.00    0.00    0.00    0.00    0.00  100.00
20:25:58      26    0.00    0.00    0.00    0.00    0.00    0.00    0.00    0.00  100.00
20:25:58      27    0.00    0.00    0.00    0.00    0.00    0.00    0.00    0.00  100.00
20:25:58      28    0.00    0.00    0.00    0.00    0.00    0.00    0.00    0.00  100.00
20:25:58      29    0.00    0.00    0.00    0.00    0.00    0.00    0.00    0.00  100.00
20:25:58      30    0.00    0.00    0.00    0.00    0.00    0.00    0.00    0.00  100.00
20:25:58      31    0.00    0.00    0.00    0.00    0.00    0.00    0.00    0.00  100.00

20:25:58     CPU    %usr   %nice    %sys %iowait    %irq   %soft  %steal  %guest   %idle
20:25:59     all    0.00    0.00    0.06    0.00    0.00    0.00    0.00    0.00   99.94
20:25:59       0    0.00    0.00    1.01    0.00    0.00    0.00    0.00    0.00   98.99
20:25:59       1    0.00    0.00    0.00    0.00    0.00    0.00    0.00    0.00  100.00
20:25:59       2    0.00    0.00    0.00    0.00    0.00    0.00    0.00    0.00  100.00
20:25:59       3    0.00    0.00    0.00    0.00    0.00    0.00    0.00    0.00  100.00
20:25:59       4    0.00    0.00    0.00    0.00    0.00    0.00    0.00    0.00  100.00
20:25:59       5    0.00    0.00    0.00    0.00    0.00    0.00    0.00    0.00  100.00
20:25:59       6    0.00    0.00    0.00    0.00    0.00    0.00    0.00    0.00  100.00
20:25:59       7    0.00    0.00    0.00    0.00    0.00    0.00    0.00    0.00  100.00
20:25:59       8    0.00    0.00    0.00    0.00    0.00    0.00    0.00    0.00  100.00
20:25:59       9    0.00    0.00    0.00    0.00    0.00    0.00    0.00    0.00  100.00
20:25:59      10    0.00    0.00    0.00    0.00    0.00    0.00    0.00    0.00  100.00
20:25:59      11    0.00    0.00    0.00    0.00    0.00    0.00    0.00    0.00  100.00
20:25:59      12    0.00    0.00    0.00    0.00    0.00    0.00    0.00    0.00  100.00
20:25:59      13    0.00    0.00    0.00    0.00    0.00    0.00    0.00    0.00  100.00
20:25:59      14    0.00    0.00    0.00    0.00    0.00    0.00    0.00    0.00  100.00
20:25:59      15    0.00    0.00    0.00    0.00    0.00    0.00    0.00    0.00  100.00
20:25:59      16    0.00    0.00    1.02    0.00    0.00    0.00    0.00    0.00   98.98
20:25:59      17    0.00    0.00    0.00    0.00    0.00    0.00    0.00    0.00  100.00
20:25:59      18    0.00    0.00    0.00    0.00    0.00    0.00    0.00    0.00  100.00
20:25:59      19    0.00    0.00    0.00    0.00    0.00    0.00    0.00    0.00  100.00
20:25:59      20    0.00    0.00    0.00    0.00    0.00    0.00    0.00    0.00  100.00
20:25:59      21    0.00    0.00    0.00    0.00    0.00    0.00    0.00    0.00  100.00
20:25:59      22    0.00    0.00    0.00    0.00    0.00    0.00    0.00    0.00  100.00
20:25:59      23    0.00    0.00    0.00    0.00    0.00    0.00    0.00    0.00  100.00
20:25:59      24    0.00    0.00    0.00    0.00    0.00    0.00    0.00    0.00  100.00
20:25:59      25    0.00    0.00    0.00    0.00    0.00    0.00    0.00    0.00  100.00
20:25:59      26    0.00    0.00    0.00    0.00    0.00    0.00    0.00    0.00  100.00
20:25:59      27    0.00    0.00    0.00    0.00    0.00    0.00    0.00    0.00  100.00
20:25:59      28    0.00    0.00    0.00    0.00    0.00    0.00    0.00    0.00  100.00
20:25:59      29    0.00    0.00    0.00    0.00    0.00    0.00    0.00    0.00  100.00
20:25:59      30    0.00    0.00    0.00    0.00    0.00    0.00    0.00    0.00  100.00
20:25:59      31    0.00    0.00    0.00    0.00    0.00    0.00    0.00    0.00  100.00

20:25:59     CPU    %usr   %nice    %sys %iowait    %irq   %soft  %steal  %guest   %idle
20:26:00     all    0.00    0.00    0.06    0.00    0.00    0.00    0.00    0.00   99.94
20:26:00       0    0.00    0.00    1.02    0.00    0.00    0.00    0.00    0.00   98.98
20:26:00       1    0.00    0.00    0.00    0.00    0.00    0.00    0.00    0.00  100.00
20:26:00       2    0.00    0.00    0.00    0.00    0.00    0.00    0.00    0.00  100.00
20:26:00       3    0.00    0.00    0.00    0.00    0.00    0.00    0.00    0.00  100.00
20:26:00       4    0.00    0.00    0.00    0.00    0.00    0.00    0.00    0.00  100.00
20:26:00       5    0.00    0.00    0.00    0.00    0.00    0.00    0.00    0.00  100.00
20:26:00       6    0.00    0.00    0.00    0.00    0.00    0.00    0.00    0.00  100.00
20:26:00       7    0.00    0.00    0.00    0.00    0.00    0.00    0.00    0.00  100.00
20:26:00       8    0.00    0.00    0.00    0.00    0.00    0.00    0.00    0.00  100.00
20:26:00       9    0.00    0.00    0.00    0.00    0.00    0.00    0.00    0.00  100.00
20:26:00      10    0.00    0.00    0.00    0.00    0.00    0.00    0.00    0.00  100.00
20:26:00      11    0.00    0.00    0.00    0.00    0.00    0.00    0.00    0.00  100.00
20:26:00      12    0.00    0.00    0.00    0.00    0.00    0.00    0.00    0.00  100.00
20:26:00      13    0.00    0.00    0.00    0.00    0.00    0.00    0.00    0.00  100.00
20:26:00      14    0.00    0.00    0.00    0.00    0.00    0.00    0.00    0.00  100.00
20:26:00      15    0.00    0.00    0.00    0.00    0.00    0.00    0.00    0.00  100.00
20:26:00      16    0.00    0.00    1.02    0.00    0.00    0.00    0.00    0.00   98.98
20:26:00      17    0.00    0.00    0.00    0.00    0.00    0.00    0.00    0.00  100.00
20:26:00      18    0.00    0.00    0.00    0.00    0.00    0.00    0.00    0.00  100.00
20:26:00      19    0.00    0.00    0.00    0.00    0.00    0.00    0.00    0.00  100.00
20:26:00      20    0.00    0.00    0.00    0.00    0.00    0.00    0.00    0.00  100.00
20:26:00      21    0.00    0.00    0.00    0.00    0.00    0.00    0.00    0.00  100.00
20:26:00      22    0.00    0.00    0.00    0.00    0.00    0.00    0.00    0.00  100.00
20:26:00      23    0.00    0.00    0.00    0.00    0.00    0.00    0.00    0.00  100.00
20:26:00      24    0.00    0.00    0.00    0.00    0.00    0.00    0.00    0.00  100.00
20:26:00      25    0.00    0.00    0.00    0.00    0.00    0.00    0.00    0.00  100.00
20:26:00      26    0.00    0.00    0.00    0.00    0.00    0.00    0.00    0.00  100.00
20:26:00      27    0.00    0.00    0.00    0.00    0.00    0.00    0.00    0.00  100.00
20:26:00      28    0.00    0.00    0.00    0.00    0.00    0.00    0.00    0.00  100.00
20:26:00      29    0.00    0.00    0.00    0.00    0.00    0.00    0.00    0.00  100.00
20:26:00      30    0.00    0.00    0.00    0.00    0.00    0.00    0.00    0.00  100.00
20:26:00      31    0.00    0.00    0.00    0.00    0.00    0.00    0.00    0.00  100.00

20:26:00     CPU    %usr   %nice    %sys %iowait    %irq   %soft  %steal  %guest   %idle
20:26:01     all    0.03    0.00    0.06    0.00    0.00    0.00    0.00    0.00   99.91
20:26:01       0    0.00    0.00    1.02    0.00    0.00    0.00    0.00    0.00   98.98
20:26:01       1    0.00    0.00    0.00    0.00    0.00    0.00    0.00    0.00  100.00
20:26:01       2    0.00    0.00    0.00    0.00    0.00    0.00    0.00    0.00  100.00
20:26:01       3    0.00    0.00    0.00    0.00    0.00    0.00    0.00    0.00  100.00
20:26:01       4    0.00    0.00    0.00    0.00    0.00    0.00    0.00    0.00  100.00
20:26:01       5    0.00    0.00    0.00    0.00    0.00    0.00    0.00    0.00  100.00
20:26:01       6    0.00    0.00    0.00    0.00    0.00    0.00    0.00    0.00  100.00
20:26:01       7    0.00    0.00    0.00    0.00    0.00    0.00    0.00    0.00  100.00
20:26:01       8    0.00    0.00    0.00    0.00    0.00    0.00    0.00    0.00  100.00
20:26:01       9    0.99    0.00    0.99    0.00    0.00    0.00    0.00    0.00   98.02
20:26:01      10    0.00    0.00    0.00    0.00    0.00    0.00    0.00    0.00  100.00
20:26:01      11    0.00    0.00    0.00    0.00    0.00    0.00    0.00    0.00  100.00
20:26:01      12    0.00    0.00    0.00    0.00    0.00    0.00    0.00    0.00  100.00
20:26:01      13    0.00    0.00    0.00    0.00    0.00    0.00    0.00    0.00  100.00
20:26:01      14    0.00    0.00    0.00    0.00    0.00    0.00    0.00    0.00  100.00
20:26:01      15    0.00    0.00    0.00    0.00    0.00    0.00    0.00    0.00  100.00
20:26:01      16    0.00    0.00    1.01    0.00    0.00    0.00    0.00    0.00   98.99
20:26:01      17    0.00    0.00    0.00    0.00    0.00    0.00    0.00    0.00  100.00
20:26:01      18    0.00    0.00    0.00    0.00    0.00    0.00    0.00    0.00  100.00
20:26:01      19    0.00    0.00    0.00    0.00    0.00    0.00    0.00    0.00  100.00
20:26:01      20    0.00    0.00    0.00    0.00    0.00    0.00    0.00    0.00  100.00
20:26:01      21    0.00    0.00    0.00    0.00    0.00    0.00    0.00    0.00  100.00
20:26:01      22    0.00    0.00    0.00    0.00    0.00    0.00    0.00    0.00  100.00
20:26:01      23    0.00    0.00    0.00    0.00    0.00    0.00    0.00    0.00  100.00
20:26:01      24    0.00    0.00    0.00    0.00    0.00    0.00    0.00    0.00  100.00
20:26:01      25    0.00    0.00    0.00    0.00    0.00    0.00    0.00    0.00  100.00
20:26:01      26    0.00    0.00    0.00    0.00    0.00    0.00    0.00    0.00  100.00
20:26:01      27    0.00    0.00    0.00    0.00    0.00    0.00    0.00    0.00  100.00
20:26:01      28    0.00    0.00    0.00    0.00    0.00    0.00    0.00    0.00  100.00
20:26:01      29    0.00    0.00    0.00    0.00    0.00    0.00    0.00    0.00  100.00
20:26:01      30    0.00    0.00    0.00    0.00    0.00    0.00    0.00    0.00  100.00
20:26:01      31    0.00    0.00    0.00    0.00    0.00    0.00    0.00    0.00  100.00

20:26:01     CPU    %usr   %nice    %sys %iowait    %irq   %soft  %steal  %guest   %idle
20:26:02     all    0.00    0.00    0.09    0.00    0.00    0.00    0.00    0.00   99.91
20:26:02       0    0.00    0.00    0.00    0.00    0.00    0.00    0.00    0.00  100.00
20:26:02       1    0.00    0.00    0.99    0.00    0.00    0.00    0.00    0.00   99.01
20:26:02       2    0.00    0.00    0.00    0.00    0.00    0.00    0.00    0.00  100.00
20:26:02       3    0.00    0.00    0.00    0.00    0.00    0.00    0.00    0.00  100.00
20:26:02       4    0.00    0.00    0.00    0.00    0.00    0.00    0.00    0.00  100.00
20:26:02       5    0.00    0.00    0.00    0.00    0.00    0.00    0.00    0.00  100.00
20:26:02       6    0.00    0.00    0.00    0.00    0.00    0.00    0.00    0.00  100.00
20:26:02       7    0.00    0.00    0.00    0.00    0.00    0.00    0.00    0.00  100.00
20:26:02       8    0.00    0.00    0.00    0.00    0.00    0.00    0.00    0.00  100.00
20:26:02       9    0.00    0.00    0.00    0.00    0.00    0.00    0.00    0.00  100.00
20:26:02      10    0.00    0.00    0.00    0.00    0.00    0.00    0.00    0.00  100.00
20:26:02      11    0.00    0.00    0.00    0.00    0.00    0.00    0.00    0.00  100.00
20:26:02      12    0.00    0.00    0.00    0.00    0.00    0.00    0.00    0.00  100.00
20:26:02      13    0.00    0.00    0.00    0.00    0.00    0.00    0.00    0.00  100.00
20:26:02      14    0.00    0.00    0.00    0.00    0.00    0.00    0.00    0.00  100.00
20:26:02      15    0.00    0.00    0.00    0.00    0.00    0.00    0.00    0.00  100.00
20:26:02      16    0.00    0.00    1.03    0.00    0.00    0.00    0.00    0.00   98.97
20:26:02      17    0.00    0.00    0.00    0.00    0.00    0.00    0.00    0.00  100.00
20:26:02      18    0.00    0.00    0.00    0.00    0.00    0.00    0.00    0.00  100.00
20:26:02      19    0.00    0.00    0.00    0.00    0.00    0.00    0.00    0.00  100.00
20:26:02      20    0.00    0.00    0.00    0.00    0.00    0.00    0.00    0.00  100.00
20:26:02      21    0.00    0.00    0.00    0.00    0.00    0.00    0.00    0.00  100.00
20:26:02      22    0.00    0.00    0.00    0.00    0.00    0.00    0.00    0.00  100.00
20:26:02      23    0.00    0.00    0.00    0.00    0.00    0.00    0.00    0.00  100.00
20:26:02      24    0.00    0.00    0.00    0.00    0.00    0.00    0.00    0.00  100.00
20:26:02      25    0.00    0.00    0.00    0.00    0.00    0.00    0.00    0.00  100.00
20:26:02      26    0.00    0.00    0.00    0.00    0.00    0.00    0.00    0.00  100.00
20:26:02      27    0.00    0.00    0.00    0.00    0.00    0.00    0.00    0.00  100.00
20:26:02      28    0.00    0.00    0.00    0.00    0.00    0.00    0.00    0.00  100.00
20:26:02      29    0.00    0.00    0.00    0.00    0.00    0.00    0.00    0.00  100.00
20:26:02      30    0.00    0.00    0.00    0.00    0.00    0.00    0.00    0.00  100.00
20:26:02      31    0.00    0.00    0.00    0.00    0.00    0.00    0.00    0.00  100.00

20:26:02     CPU    %usr   %nice    %sys %iowait    %irq   %soft  %steal  %guest   %idle
20:26:03     all    0.03    0.00    0.09    0.00    0.00    0.00    0.00    0.00   99.87
20:26:03       0    0.00    0.00    2.06    0.00    0.00    0.00    0.00    0.00   97.94
20:26:03       1    0.00    0.00    0.00    0.00    0.00    0.00    0.00    0.00  100.00
20:26:03       2    0.00    0.00    0.00    0.00    0.00    0.00    0.00    0.00  100.00
20:26:03       3    0.00    0.00    0.00    0.00    0.00    0.00    0.00    0.00  100.00
20:26:03       4    0.00    0.00    0.00    0.00    0.00    0.00    0.00    0.00  100.00
20:26:03       5    0.00    0.00    0.00    0.00    0.00    0.00    0.00    0.00  100.00
20:26:03       6    0.00    0.00    0.99    0.00    0.00    0.00    0.00    0.00   99.01
20:26:03       7    0.00    0.00    0.00    0.00    0.00    0.00    0.00    0.00  100.00
20:26:03       8    0.00    0.00    0.00    0.00    0.00    0.00    0.00    0.00  100.00
20:26:03       9    0.00    0.00    0.00    0.00    0.00    0.00    0.00    0.00  100.00
20:26:03      10    0.00    0.00    0.00    0.00    0.00    0.00    0.00    0.00  100.00
20:26:03      11    0.00    0.00    0.00    0.00    0.00    0.00    0.00    0.00  100.00
20:26:03      12    0.00    0.00    1.00    0.00    0.00    0.00    0.00    0.00   99.00
20:26:03      13    0.00    0.00    0.00    0.00    0.00    0.00    0.00    0.00  100.00
20:26:03      14    0.00    0.00    0.00    0.00    0.00    0.00    0.00    0.00  100.00
20:26:03      15    0.00    0.00    0.00    0.00    0.00    0.00    0.00    0.00  100.00
20:26:03      16    0.00    0.00    0.00    0.00    0.00    0.00    0.00    0.00  100.00
20:26:03      17    0.00    0.00    0.00    0.00    0.00    0.00    0.00    0.00  100.00
20:26:03      18    0.00    0.00    0.99    0.00    0.00    0.00    0.00    0.00   99.01
20:26:03      19    0.00    0.00    0.00    0.00    0.00    0.00    0.00    0.00  100.00
20:26:03      20    0.00    0.00    0.00    0.00    0.00    0.00    0.00    0.00  100.00
20:26:03      21    0.00    0.00    0.00    0.00    0.00    0.00    0.00    0.00  100.00
20:26:03      22    0.00    0.00    0.00    0.00    0.00    0.00    0.00    0.00  100.00
20:26:03      23    0.00    0.00    0.00    0.00    0.00    0.00    0.00    0.00  100.00
20:26:03      24    0.00    0.00    0.00    0.00    0.00    0.00    0.00    0.00  100.00
20:26:03      25    0.00    0.00    0.00    0.00    0.00    0.00    0.00    0.00  100.00
20:26:03      26    0.00    0.00    0.00    0.00    0.00    0.00    0.00    0.00  100.00
20:26:03      27    0.00    0.00    0.00    0.00    0.00    0.00    0.00    0.00  100.00
20:26:03      28    0.00    0.00    0.00    0.00    0.00    0.00    0.00    0.00  100.00
20:26:03      29    0.00    0.00    0.00    0.00    0.00    0.00    0.00    0.00  100.00
20:26:03      30    0.00    0.00    0.00    0.00    0.00    0.00    0.00    0.00  100.00
20:26:03      31    0.00    0.00    0.00    0.00    0.00    0.00    0.00    0.00  100.00

20:26:03     CPU    %usr   %nice    %sys %iowait    %irq   %soft  %steal  %guest   %idle
20:26:04     all    0.00    0.00    0.06    0.00    0.00    0.00    0.00    0.00   99.94
20:26:04       0    0.00    0.00    1.02    0.00    0.00    0.00    0.00    0.00   98.98
20:26:04       1    0.00    0.00    0.00    0.00    0.00    0.00    0.00    0.00  100.00
20:26:04       2    0.00    0.00    0.00    0.00    0.00    0.00    0.00    0.00  100.00
20:26:04       3    0.00    0.00    0.00    0.00    0.00    0.00    0.00    0.00  100.00
20:26:04       4    0.00    0.00    0.00    0.00    0.00    0.00    0.00    0.00  100.00
20:26:04       5    0.00    0.00    0.00    0.00    0.00    0.00    0.00    0.00  100.00
20:26:04       6    0.00    0.00    0.00    0.00    0.00    0.00    0.00    0.00  100.00
20:26:04       7    0.00    0.00    0.00    0.00    0.00    0.00    0.00    0.00  100.00
20:26:04       8    0.00    0.00    0.00    0.00    0.00    0.00    0.00    0.00  100.00
20:26:04       9    0.00    0.00    0.00    0.00    0.00    0.00    0.00    0.00  100.00
20:26:04      10    0.00    0.00    0.00    0.00    0.00    0.00    0.00    0.00  100.00
20:26:04      11    0.00    0.00    0.00    0.00    0.00    0.00    0.00    0.00  100.00
20:26:04      12    0.00    0.00    0.00    0.00    0.00    0.00    0.00    0.00  100.00
20:26:04      13    0.00    0.00    0.00    0.00    0.00    0.00    0.00    0.00  100.00
20:26:04      14    0.00    0.00    0.00    0.00    0.00    0.00    0.00    0.00  100.00
20:26:04      15    0.00    0.00    0.00    0.00    0.00    0.00    0.00    0.00  100.00
20:26:04      16    0.00    0.00    1.02    0.00    0.00    0.00    0.00    0.00   98.98
20:26:04      17    0.00    0.00    0.00    0.00    0.00    0.00    0.00    0.00  100.00
20:26:04      18    0.00    0.00    0.00    0.00    0.00    0.00    0.00    0.00  100.00
20:26:04      19    0.00    0.00    0.00    0.00    0.00    0.00    0.00    0.00  100.00
20:26:04      20    0.00    0.00    0.00    0.00    0.00    0.00    0.00    0.00  100.00
20:26:04      21    0.00    0.00    0.00    0.00    0.00    0.00    0.00    0.00  100.00
20:26:04      22    0.00    0.00    0.00    0.00    0.00    0.00    0.00    0.00  100.00
20:26:04      23    0.00    0.00    0.00    0.00    0.00    0.00    0.00    0.00  100.00
20:26:04      24    0.00    0.00    0.00    0.00    0.00    0.00    0.00    0.00  100.00
20:26:04      25    0.00    0.00    0.00    0.00    0.00    0.00    0.00    0.00  100.00
20:26:04      26    0.00    0.00    0.00    0.00    0.00    0.00    0.00    0.00  100.00
20:26:04      27    0.00    0.00    0.00    0.00    0.00    0.00    0.00    0.00  100.00
20:26:04      28    0.00    0.00    0.00    0.00    0.00    0.00    0.00    0.00  100.00
20:26:04      29    0.00    0.00    0.00    0.00    0.00    0.00    0.00    0.00  100.00
20:26:04      30    0.00    0.00    0.00    0.00    0.00    0.00    0.00    0.00  100.00
20:26:04      31    0.00    0.00    0.00    0.00    0.00    0.00    0.00    0.00  100.00

20:26:04     CPU    %usr   %nice    %sys %iowait    %irq   %soft  %steal  %guest   %idle
20:26:05     all    0.00    0.00    0.06    0.00    0.00    0.00    0.00    0.00   99.94
20:26:05       0    0.00    0.00    0.00    0.00    0.00    0.00    0.00    0.00  100.00
20:26:05       1    0.00    0.00    0.00    0.00    0.00    0.00    0.00    0.00  100.00
20:26:05       2    0.00    0.00    0.00    0.00    0.00    0.00    0.00    0.00  100.00
20:26:05       3    0.00    0.00    0.00    0.00    0.00    0.00    0.00    0.00  100.00
20:26:05       4    0.00    0.00    0.00    0.00    0.00    0.00    0.00    0.00  100.00
20:26:05       5    0.00    0.00    0.00    0.00    0.00    0.00    0.00    0.00  100.00
20:26:05       6    0.00    0.00    0.00    0.00    0.00    0.00    0.00    0.00  100.00
20:26:05       7    0.00    0.00    0.00    0.00    0.00    0.00    0.00    0.00  100.00
20:26:05       8    0.00    0.00    0.00    0.00    0.00    0.00    0.00    0.00  100.00
20:26:05       9    0.00    0.00    0.00    0.00    0.00    0.00    0.00    0.00  100.00
20:26:05      10    0.00    0.00    0.00    0.00    0.00    0.00    0.00    0.00  100.00
20:26:05      11    0.00    0.00    0.00    0.00    0.00    0.00    0.00    0.00  100.00
20:26:05      12    0.00    0.00    0.00    0.00    0.00    0.00    0.00    0.00  100.00
20:26:05      13    0.00    0.00    0.00    0.00    0.00    0.00    0.00    0.00  100.00
20:26:05      14    0.00    0.00    0.00    0.00    0.00    0.00    0.00    0.00  100.00
20:26:05      15    0.00    0.00    0.00    0.00    0.00    0.00    0.00    0.00  100.00
20:26:05      16    0.00    0.00    2.04    0.00    0.00    0.00    0.00    0.00   97.96
20:26:05      17    0.00    0.00    0.00    0.00    0.00    0.00    0.00    0.00  100.00
20:26:05      18    0.00    0.00    0.00    0.00    0.00    0.00    0.00    0.00  100.00
20:26:05      19    0.00    0.00    0.00    0.00    0.00    0.00    0.00    0.00  100.00
20:26:05      20    0.00    0.00    0.00    0.00    0.00    0.00    0.00    0.00  100.00
20:26:05      21    0.00    0.00    0.00    0.00    0.00    0.00    0.00    0.00  100.00
20:26:05      22    0.00    0.00    0.00    0.00    0.00    0.00    0.00    0.00  100.00
20:26:05      23    0.00    0.00    0.00    0.00    0.00    0.00    0.00    0.00  100.00
20:26:05      24    0.00    0.00    0.00    0.00    0.00    0.00    0.00    0.00  100.00
20:26:05      25    0.00    0.00    0.00    0.00    0.00    0.00    0.00    0.00  100.00
20:26:05      26    0.00    0.00    0.00    0.00    0.00    0.00    0.00    0.00  100.00
20:26:05      27    0.99    0.00    0.99    0.00    0.00    0.00    0.00    0.00   98.02
20:26:05      28    0.00    0.00    0.00    0.00    0.00    0.00    0.00    0.00  100.00
20:26:05      29    0.00    0.00    0.00    0.00    0.00    0.00    0.00    0.00  100.00
20:26:05      30    0.00    0.00    0.00    0.00    0.00    0.00    0.00    0.00  100.00
20:26:05      31    0.00    0.00    0.00    0.00    0.00    0.00    0.00    0.00  100.00

20:26:05     CPU    %usr   %nice    %sys %iowait    %irq   %soft  %steal  %guest   %idle
20:26:06     all    0.00    0.00    0.06    0.00    0.00    0.00    0.00    0.00   99.94
20:26:06       0    0.00    0.00    2.08    0.00    0.00    0.00    0.00    0.00   97.92
20:26:06       1    0.00    0.00    0.00    0.00    0.00    0.00    0.00    0.00  100.00
20:26:06       2    0.99    0.00    0.00    0.00    0.00    0.00    0.00    0.00   99.01
20:26:06       3    0.00    0.00    0.00    0.00    0.00    0.00    0.00    0.00  100.00
20:26:06       4    0.00    0.00    0.00    0.00    0.00    0.00    0.00    0.00  100.00
20:26:06       5    0.00    0.00    0.00    0.00    0.00    0.00    0.00    0.00  100.00
20:26:06       6    0.00    0.00    0.00    0.00    0.00    0.00    0.00    0.00  100.00
20:26:06       7    0.00    0.00    0.00    0.00    0.00    0.00    0.00    0.00  100.00
20:26:06       8    0.00    0.00    0.00    0.00    0.00    0.00    0.00    0.00  100.00
20:26:06       9    0.00    0.00    0.00    0.00    0.00    0.00    0.00    0.00  100.00
20:26:06      10    0.00    0.00    0.00    0.00    0.00    0.00    0.00    0.00  100.00
20:26:06      11    0.00    0.00    0.00    0.00    0.00    0.00    0.00    0.00  100.00
20:26:06      12    0.00    0.00    0.00    0.00    0.00    0.00    0.00    0.00  100.00
20:26:06      13    0.00    0.00    0.00    0.00    0.00    0.00    0.00    0.00  100.00
20:26:06      14    0.00    0.00    0.00    0.00    0.00    0.00    0.00    0.00  100.00
20:26:06      15    0.00    0.00    0.00    0.00    0.00    0.00    0.00    0.00  100.00
20:26:06      16    0.00    0.00    0.00    0.00    0.00    0.00    0.00    0.00  100.00
20:26:06      17    0.00    0.00    0.00    0.00    0.00    0.00    0.00    0.00  100.00
20:26:06      18    0.99    0.00    0.00    0.00    0.00    0.00    0.00    0.00   99.01
20:26:06      19    0.00    0.00    0.00    0.00    0.00    0.00    0.00    0.00  100.00
20:26:06      20    0.00    0.00    0.00    0.00    0.00    0.00    0.00    0.00  100.00
20:26:06      21    0.00    0.00    0.00    0.00    0.00    0.00    0.00    0.00  100.00
20:26:06      22    0.00    0.00    0.00    0.00    0.00    0.00    0.00    0.00  100.00
20:26:06      23    0.00    0.00    0.00    0.00    0.00    0.00    0.00    0.00  100.00
20:26:06      24    0.00    0.00    0.00    0.00    0.00    0.00    0.00    0.00  100.00
20:26:06      25    0.00    0.00    0.00    0.00    0.00    0.00    0.00    0.00  100.00
20:26:06      26    0.00    0.00    0.00    0.00    0.00    0.00    0.00    0.00  100.00
20:26:06      27    0.00    0.00    0.00    0.00    0.00    0.00    0.00    0.00  100.00
20:26:06      28    0.00    0.00    0.00    0.00    0.00    0.00    0.00    0.00  100.00
20:26:06      29    0.00    0.00    0.00    0.00    0.00    0.00    0.00    0.00  100.00
20:26:06      30    0.00    0.00    0.00    0.00    0.00    0.00    0.00    0.00  100.00
20:26:06      31    0.00    0.00    0.00    0.00    0.00    0.00    0.00    0.00  100.00

20:26:06     CPU    %usr   %nice    %sys %iowait    %irq   %soft  %steal  %guest   %idle
20:26:07     all    0.00    0.00    0.09    0.00    0.00    0.00    0.00    0.00   99.91
20:26:07       0    0.00    0.00    1.01    0.00    0.00    0.00    0.00    0.00   98.99
20:26:07       1    0.00    0.00    0.00    0.00    0.00    0.00    0.00    0.00  100.00
20:26:07       2    0.00    0.00    0.00    0.00    0.00    0.00    0.00    0.00  100.00
20:26:07       3    0.00    0.00    0.00    0.00    0.00    0.00    0.00    0.00  100.00
20:26:07       4    0.00    0.00    0.00    0.00    0.00    0.00    0.00    0.00  100.00
20:26:07       5    0.00    0.00    0.00    0.00    0.00    0.00    0.00    0.00  100.00
20:26:07       6    0.00    0.00    0.00    0.00    0.00    0.00    0.00    0.00  100.00
20:26:07       7    0.00    0.00    0.00    0.00    0.00    0.00    0.00    0.00  100.00
20:26:07       8    0.00    0.00    0.00    0.00    0.00    0.00    0.00    0.00  100.00
20:26:07       9    0.00    0.00    0.00    0.00    0.00    0.00    0.00    0.00  100.00
20:26:07      10    0.00    0.00    0.00    0.00    0.00    0.00    0.00    0.00  100.00
20:26:07      11    0.00    0.00    0.00    0.00    0.00    0.00    0.00    0.00  100.00
20:26:07      12    0.00    0.00    0.00    0.00    0.00    0.00    0.00    0.00  100.00
20:26:07      13    0.00    0.00    0.00    0.00    0.00    0.00    0.00    0.00  100.00
20:26:07      14    0.00    0.00    0.00    0.00    0.00    0.00    0.00    0.00  100.00
20:26:07      15    0.00    0.00    0.00    0.00    0.00    0.00    0.00    0.00  100.00
20:26:07      16    0.00    0.00    1.02    0.00    0.00    0.00    0.00    0.00   98.98
20:26:07      17    0.00    0.00    0.00    0.00    0.00    0.00    0.00    0.00  100.00
20:26:07      18    0.00    0.00    0.00    0.00    0.00    0.00    0.00    0.00  100.00
20:26:07      19    0.00    0.00    0.00    0.00    0.00    0.00    0.00    0.00  100.00
20:26:07      20    0.00    0.00    0.00    0.00    0.00    0.00    0.00    0.00  100.00
20:26:07      21    0.00    0.00    0.00    0.00    0.00    0.00    0.00    0.00  100.00
20:26:07      22    0.00    0.00    0.00    0.00    0.00    0.00    0.00    0.00  100.00
20:26:07      23    0.00    0.00    0.00    0.00    0.00    0.00    0.00    0.00  100.00
20:26:07      24    0.00    0.00    0.00    0.00    0.00    0.00    0.00    0.00  100.00
20:26:07      25    0.00    0.00    0.00    0.00    0.00    0.00    0.00    0.00  100.00
20:26:07      26    0.00    0.00    0.00    0.00    0.00    0.00    0.00    0.00  100.00
20:26:07      27    0.00    0.00    0.00    0.00    0.00    0.00    0.00    0.00  100.00
20:26:07      28    0.00    0.00    0.00    0.00    0.00    0.00    0.00    0.00  100.00
20:26:07      29    0.00    0.00    0.00    0.00    0.00    0.00    0.00    0.00  100.00
20:26:07      30    0.00    0.00    0.00    0.00    0.00    0.00    0.00    0.00  100.00
20:26:07      31    0.00    0.00    0.00    0.00    0.00    0.00    0.00    0.00  100.00

20:26:07     CPU    %usr   %nice    %sys %iowait    %irq   %soft  %steal  %guest   %idle
20:26:08     all    0.03    0.00    0.06    0.00    0.00    0.00    0.00    0.00   99.91
20:26:08       0    0.00    0.00    1.02    0.00    0.00    0.00    0.00    0.00   98.98
20:26:08       1    0.00    0.00    0.00    0.00    0.00    0.00    0.00    0.00  100.00
20:26:08       2    0.00    0.00    0.00    0.00    0.00    0.00    0.00    0.00  100.00
20:26:08       3    0.00    0.00    0.00    0.00    0.00    0.00    0.00    0.00  100.00
20:26:08       4    0.00    0.00    0.00    0.00    0.00    0.00    0.00    0.00  100.00
20:26:08       5    0.00    0.00    0.00    0.00    0.00    0.00    0.00    0.00  100.00
20:26:08       6    0.00    0.00    0.00    0.00    0.00    0.00    0.00    0.00  100.00
20:26:08       7    0.00    0.00    0.00    0.00    0.00    0.00    0.00    0.00  100.00
20:26:08       8    0.00    0.00    0.00    0.00    0.00    0.00    0.00    0.00  100.00
20:26:08       9    0.00    0.00    0.00    0.00    0.00    0.00    0.00    0.00  100.00
20:26:08      10    0.00    0.00    0.00    0.00    0.00    0.00    0.00    0.00  100.00
20:26:08      11    0.00    0.00    0.00    0.00    0.00    0.00    0.00    0.00  100.00
20:26:08      12    0.00    0.00    0.00    0.00    0.00    0.00    0.00    0.00  100.00
20:26:08      13    0.00    0.00    0.00    0.00    0.00    0.00    0.00    0.00  100.00
20:26:08      14    0.00    0.00    0.00    0.00    0.00    0.00    0.00    0.00  100.00
20:26:08      15    0.00    0.00    0.00    0.00    0.00    0.00    0.00    0.00  100.00
20:26:08      16    0.00    0.00    1.01    0.00    0.00    0.00    0.00    0.00   98.99
20:26:08      17    0.00    0.00    0.00    0.00    0.00    0.00    0.00    0.00  100.00
20:26:08      18    0.00    0.00    0.00    0.00    0.00    0.00    0.00    0.00  100.00
20:26:08      19    0.00    0.00    0.00    0.00    0.00    0.00    0.00    0.00  100.00
20:26:08      20    0.00    0.00    0.00    0.00    0.00    0.00    0.00    0.00  100.00
20:26:08      21    0.00    0.00    0.00    0.00    0.00    0.00    0.00    0.00  100.00
20:26:08      22    0.00    0.00    0.00    0.00    0.00    0.00    0.00    0.00  100.00
20:26:08      23    0.00    0.00    0.00    0.00    0.00    0.00    0.00    0.00  100.00
20:26:08      24    0.00    0.00    0.00    0.00    0.00    0.00    0.00    0.00  100.00
20:26:08      25    0.00    0.00    0.00    0.00    0.00    0.00    0.00    0.00  100.00
20:26:08      26    0.00    0.00    0.00    0.00    0.00    0.00    0.00    0.00  100.00
20:26:08      27    0.00    0.00    0.00    0.00    0.00    0.00    0.00    0.00  100.00
20:26:08      28    0.00    0.00    0.00    0.00    0.00    0.00    0.00    0.00  100.00
20:26:08      29    0.00    0.00    0.00    0.00    0.00    0.00    0.00    0.00  100.00
20:26:08      30    0.00    0.00    0.00    0.00    0.00    0.00    0.00    0.00  100.00
20:26:08      31    0.00    0.00    0.00    0.00    0.00    0.00    0.00    0.00  100.00

20:26:08     CPU    %usr   %nice    %sys %iowait    %irq   %soft  %steal  %guest   %idle
20:26:09     all    0.00    0.00    0.06    0.00    0.00    0.00    0.00    0.00   99.94
20:26:09       0    0.00    0.00    1.02    0.00    0.00    0.00    0.00    0.00   98.98
20:26:09       1    0.00    0.00    0.00    0.00    0.00    0.00    0.00    0.00  100.00
20:26:09       2    0.00    0.00    0.00    0.00    0.00    0.00    0.00    0.00  100.00
20:26:09       3    0.00    0.00    0.00    0.00    0.00    0.00    0.00    0.00  100.00
20:26:09       4    0.00    0.00    0.00    0.00    0.00    0.00    0.00    0.00  100.00
20:26:09       5    0.00    0.00    0.00    0.00    0.00    0.00    0.00    0.00  100.00
20:26:09       6    0.00    0.00    0.00    0.00    0.00    0.00    0.00    0.00  100.00
20:26:09       7    0.00    0.00    0.00    0.00    0.00    0.00    0.00    0.00  100.00
20:26:09       8    0.00    0.00    0.00    0.00    0.00    0.00    0.00    0.00  100.00
20:26:09       9    0.00    0.00    0.00    0.00    0.00    0.00    0.00    0.00  100.00
20:26:09      10    0.00    0.00    0.00    0.00    0.00    0.00    0.00    0.00  100.00
20:26:09      11    0.00    0.00    0.00    0.00    0.00    0.00    0.00    0.00  100.00
20:26:09      12    0.00    0.00    0.00    0.00    0.00    0.00    0.00    0.00  100.00
20:26:09      13    0.00    0.00    0.00    0.00    0.00    0.00    0.00    0.00  100.00
20:26:09      14    0.00    0.00    0.00    0.00    0.00    0.00    0.00    0.00  100.00
20:26:09      15    0.00    0.00    0.00    0.00    0.00    0.00    0.00    0.00  100.00
20:26:09      16    0.00    0.00    0.00    0.00    0.00    0.00    0.00    0.00  100.00
20:26:09      17    0.00    0.00    0.00    0.00    0.00    0.00    0.00    0.00  100.00
20:26:09      18    0.00    0.00    0.00    0.00    0.00    0.00    0.00    0.00  100.00
20:26:09      19    0.00    0.00    0.00    0.00    0.00    0.00    0.00    0.00  100.00
20:26:09      20    0.00    0.00    0.00    0.00    0.00    0.00    0.00    0.00  100.00
20:26:09      21    0.00    0.00    0.00    0.00    0.00    0.00    0.00    0.00  100.00
20:26:09      22    0.00    0.00    0.00    0.00    0.00    0.00    0.00    0.00  100.00
20:26:09      23    0.00    0.00    0.00    0.00    0.00    0.00    0.00    0.00  100.00
20:26:09      24    0.00    0.00    0.00    0.00    0.00    0.00    0.00    0.00  100.00
20:26:09      25    0.00    0.00    0.00    0.00    0.00    0.00    0.00    0.00  100.00
20:26:09      26    0.00    0.00    0.00    0.00    0.00    0.00    0.00    0.00  100.00
20:26:09      27    0.00    0.00    0.00    0.00    0.00    0.00    0.00    0.00  100.00
20:26:09      28    0.00    0.00    0.00    0.00    0.00    0.00    0.00    0.00  100.00
20:26:09      29    0.00    0.00    0.00    0.00    0.00    0.00    0.00    0.00  100.00
20:26:09      30    0.00    0.00    0.00    0.00    0.00    0.00    0.00    0.00  100.00
20:26:09      31    0.00    0.00    0.00    0.00    0.00    0.00    0.00    0.00  100.00

20:26:09     CPU    %usr   %nice    %sys %iowait    %irq   %soft  %steal  %guest   %idle
20:26:10     all    0.00    0.00    0.06    0.00    0.00    0.00    0.00    0.00   99.94
20:26:10       0    0.00    0.00    1.02    0.00    0.00    0.00    0.00    0.00   98.98
20:26:10       1    0.00    0.00    0.00    0.00    0.00    0.00    0.00    0.00  100.00
20:26:10       2    0.00    0.00    0.00    0.00    0.00    0.00    0.00    0.00  100.00
20:26:10       3    0.00    0.00    0.00    0.00    0.00    0.00    0.00    0.00  100.00
20:26:10       4    0.00    0.00    0.00    0.00    0.00    0.00    0.00    0.00  100.00
20:26:10       5    0.00    0.00    0.00    0.00    0.00    0.00    0.00    0.00  100.00
20:26:10       6    0.00    0.00    0.00    0.00    0.00    0.00    0.00    0.00  100.00
20:26:10       7    0.00    0.00    0.00    0.00    0.00    0.00    0.00    0.00  100.00
20:26:10       8    0.00    0.00    0.00    0.00    0.00    0.00    0.00    0.00  100.00
20:26:10       9    0.00    0.00    0.00    0.00    0.00    0.00    0.00    0.00  100.00
20:26:10      10    0.00    0.00    0.00    0.00    0.00    0.00    0.00    0.00  100.00
20:26:10      11    0.00    0.00    0.00    0.00    0.00    0.00    0.00    0.00  100.00
20:26:10      12    0.00    0.00    0.00    0.00    0.00    0.00    0.00    0.00  100.00
20:26:10      13    0.00    0.00    0.00    0.00    0.00    0.00    0.00    0.00  100.00
20:26:10      14    0.00    0.00    0.00    0.00    0.00    0.00    0.00    0.00  100.00
20:26:10      15    0.00    0.00    0.00    0.00    0.00    0.00    0.00    0.00  100.00
20:26:10      16    1.01    0.00    1.01    0.00    0.00    0.00    0.00    0.00   97.98
20:26:10      17    0.00    0.00    0.00    0.00    0.00    0.00    0.00    0.00  100.00
20:26:10      18    0.00    0.00    0.00    0.00    0.00    0.00    0.00    0.00  100.00
20:26:10      19    0.00    0.00    0.00    0.00    0.00    0.00    0.00    0.00  100.00
20:26:10      20    0.00    0.00    0.00    0.00    0.00    0.00    0.00    0.00  100.00
20:26:10      21    0.00    0.00    0.00    0.00    0.00    0.00    0.00    0.00  100.00
20:26:10      22    0.00    0.00    0.00    0.00    0.00    0.00    0.00    0.00  100.00
20:26:10      23    0.00    0.00    0.00    0.00    0.00    0.00    0.00    0.00  100.00
20:26:10      24    0.00    0.00    0.00    0.00    0.00    0.00    0.00    0.00  100.00
20:26:10      25    0.00    0.00    0.00    0.00    0.00    0.00    0.00    0.00  100.00
20:26:10      26    0.00    0.00    0.00    0.00    0.00    0.00    0.00    0.00  100.00
20:26:10      27    0.00    0.00    0.00    0.00    0.00    0.00    0.00    0.00  100.00
20:26:10      28    0.00    0.00    0.00    0.00    0.00    0.00    0.00    0.00  100.00
20:26:10      29    0.00    0.00    0.00    0.00    0.00    0.00    0.00    0.00  100.00
20:26:10      30    0.00    0.00    0.00    0.00    0.00    0.00    0.00    0.00  100.00
20:26:10      31    0.00    0.00    0.00    0.00    0.00    0.00    0.00    0.00  100.00

20:26:10     CPU    %usr   %nice    %sys %iowait    %irq   %soft  %steal  %guest   %idle
20:26:11     all    0.00    0.00    0.09    0.00    0.00    0.00    0.00    0.00   99.91
20:26:11       0    0.00    0.00    1.01    0.00    0.00    0.00    0.00    0.00   98.99
20:26:11       1    0.99    0.00    0.00    0.00    0.00    0.00    0.00    0.00   99.01
20:26:11       2    0.00    0.00    0.00    0.00    0.00    0.00    0.00    0.00  100.00
20:26:11       3    0.00    0.00    0.00    0.00    0.00    0.00    0.00    0.00  100.00
20:26:11       4    0.00    0.00    0.00    0.00    0.00    0.00    0.00    0.00  100.00
20:26:11       5    0.00    0.00    0.00    0.00    0.00    0.00    0.00    0.00  100.00
20:26:11       6    0.00    0.00    0.00    0.00    0.00    0.00    0.00    0.00  100.00
20:26:11       7    0.00    0.00    0.00    0.00    0.00    0.00    0.00    0.00  100.00
20:26:11       8    0.00    0.00    0.00    0.00    0.00    0.00    0.00    0.00  100.00
20:26:11       9    0.00    0.00    0.00    0.00    0.00    0.00    0.00    0.00  100.00
20:26:11      10    0.00    0.00    0.00    0.00    0.00    0.00    0.00    0.00  100.00
20:26:11      11    0.00    0.00    0.00    0.00    0.00    0.00    0.00    0.00  100.00
20:26:11      12    0.00    0.00    0.00    0.00    0.00    0.00    0.00    0.00  100.00
20:26:11      13    0.00    0.00    0.00    0.00    0.00    0.00    0.00    0.00  100.00
20:26:11      14    0.00    0.00    0.00    0.00    0.00    0.00    0.00    0.00  100.00
20:26:11      15    0.00    0.00    0.00    0.00    0.00    0.00    0.00    0.00  100.00
20:26:11      16    0.00    0.00    1.01    0.00    0.00    0.00    0.00    0.00   98.99
20:26:11      17    0.00    0.00    0.00    0.00    0.00    0.00    0.00    0.00  100.00
20:26:11      18    0.00    0.00    0.00    0.00    0.00    0.00    0.00    0.00  100.00
20:26:11      19    0.00    0.00    0.00    0.00    0.00    0.00    0.00    0.00  100.00
20:26:11      20    0.00    0.00    0.00    0.00    0.00    0.00    0.00    0.00  100.00
20:26:11      21    0.00    0.00    0.00    0.00    0.00    0.00    0.00    0.00  100.00
20:26:11      22    0.00    0.00    0.00    0.00    0.00    0.00    0.00    0.00  100.00
20:26:11      23    0.00    0.00    0.00    0.00    0.00    0.00    0.00    0.00  100.00
20:26:11      24    0.00    0.00    0.00    0.00    0.00    0.00    0.00    0.00  100.00
20:26:11      25    0.00    0.00    0.00    0.00    0.00    0.00    0.00    0.00  100.00
20:26:11      26    0.00    0.00    0.00    0.00    0.00    0.00    0.00    0.00  100.00
20:26:11      27    0.00    0.00    0.00    0.00    0.00    0.00    0.00    0.00  100.00
20:26:11      28    0.00    0.00    0.00    0.00    0.00    0.00    0.00    0.00  100.00
20:26:11      29    0.00    0.00    0.00    0.00    0.00    0.00    0.00    0.00  100.00
20:26:11      30    0.00    0.00    0.00    0.00    0.00    0.00    0.00    0.00  100.00
20:26:11      31    0.00    0.00    0.00    0.00    0.00    0.00    0.00    0.00  100.00

20:26:11     CPU    %usr   %nice    %sys %iowait    %irq   %soft  %steal  %guest   %idle
20:26:12     all    0.03    0.00    0.06    0.00    0.00    0.00    0.00    0.00   99.91
20:26:12       0    0.00    0.00    1.02    0.00    0.00    0.00    0.00    0.00   98.98
20:26:12       1    0.00    0.00    0.00    0.00    0.00    0.00    0.00    0.00  100.00
20:26:12       2    0.00    0.00    0.00    0.00    0.00    0.00    0.00    0.00  100.00
20:26:12       3    0.00    0.00    0.00    0.00    0.00    0.00    0.00    0.00  100.00
20:26:12       4    0.00    0.00    0.00    0.00    0.00    0.00    0.00    0.00  100.00
20:26:12       5    0.00    0.00    0.00    0.00    0.00    0.00    0.00    0.00  100.00
20:26:12       6    0.00    0.00    0.00    0.00    0.00    0.00    0.00    0.00  100.00
20:26:12       7    0.00    0.00    0.00    0.00    0.00    0.00    0.00    0.00  100.00
20:26:12       8    0.00    0.00    0.00    0.00    0.00    0.00    0.00    0.00  100.00
20:26:12       9    0.00    0.00    0.00    0.00    0.00    0.00    0.00    0.00  100.00
20:26:12      10    0.00    0.00    0.00    0.00    0.00    0.00    0.00    0.00  100.00
20:26:12      11    0.00    0.00    0.00    0.00    0.00    0.00    0.00    0.00  100.00
20:26:12      12    0.00    0.00    0.00    0.00    0.00    0.00    0.00    0.00  100.00
20:26:12      13    0.00    0.00    0.00    0.00    0.00    0.00    0.00    0.00  100.00
20:26:12      14    0.00    0.00    0.00    0.00    0.00    0.00    0.00    0.00  100.00
20:26:12      15    0.00    0.00    0.00    0.00    0.00    0.00    0.00    0.00  100.00
20:26:12      16    0.00    0.00    1.02    0.00    0.00    0.00    0.00    0.00   98.98
20:26:12      17    0.00    0.00    0.00    0.00    0.00    0.00    0.00    0.00  100.00
20:26:12      18    0.00    0.00    0.00    0.00    0.00    0.00    0.00    0.00  100.00
20:26:12      19    0.00    0.00    0.00    0.00    0.00    0.00    0.00    0.00  100.00
20:26:12      20    0.00    0.00    0.00    0.00    0.00    0.00    0.00    0.00  100.00
20:26:12      21    0.00    0.00    0.00    0.00    0.00    0.00    0.00    0.00  100.00
20:26:12      22    0.00    0.00    0.00    0.00    0.00    0.00    0.00    0.00  100.00
20:26:12      23    0.00    0.00    0.00    0.00    0.00    0.00    0.00    0.00  100.00
20:26:12      24    0.00    0.00    0.00    0.00    0.00    0.00    0.00    0.00  100.00
20:26:12      25    0.00    0.00    0.00    0.00    0.00    0.00    0.00    0.00  100.00
20:26:12      26    0.00    0.00    0.00    0.00    0.00    0.00    0.00    0.00  100.00
20:26:12      27    0.00    0.00    0.00    0.00    0.00    0.00    0.00    0.00  100.00
20:26:12      28    0.00    0.00    0.00    0.00    0.00    0.00    0.00    0.00  100.00
20:26:12      29    0.00    0.00    0.00    0.00    0.00    0.00    0.00    0.00  100.00
20:26:12      30    0.00    0.00    0.00    0.00    0.00    0.00    0.00    0.00  100.00
20:26:12      31    0.00    0.00    0.00    0.00    0.00    0.00    0.00    0.00  100.00
