0 0.00
1 0.00
2 91.50
3 100.00
4 100.00
5 100.00
6 100.00
7 100.00
8 100.00
9 100.00
10 100.00
11 100.00
12 100.00
13 100.00
14 100.00
15 100.00
16 100.00
17 100.00
18 100.00
19 100.00
20 100.00
21 100.00
22 100.00
23 100.00
24 100.00
25 100.00
26 100.00
27 100.00
28 100.00
29 100.00
30 100.00
31 100.00
32 100.00
33 100.00
34 100.00
35 100.00
36 100.00
37 100.00
38 100.00
39 100.00
40 100.00
41 100.00
42 100.00
43 100.00
44 100.00
45 100.00
46 100.00
47 100.00
48 100.00
49 100.00
50 100.00
51 100.00
52 100.00
53 100.00
54 100.00
55 51.00
56 0.00
57 0.00
58 0.00
59 0.00
60 0.00
61 0.00
62 0.00
63 0.00
64 0.00
65 0.00
66 0.00
67 0.00
68 0.00
69 0.00
70 0.00
71 0.00
72 0.00
73 0.00
74 0.00
75 0.00
76 0.00
77 0.00
78 0.00
79 0.00
80 0.00
81 0.00
82 0.00
83 0.00
84 0.00
85 0.00
86 0.00
87 0.00
88 0.00
