0 0.51
1 0.00
2 0.00
3 1.49
4 0.50
5 0.00
6 0.00
7 0.00
8 0.50
9 0.50
10 0.50
11 0.50
12 0.50
13 0.50
14 0.00
15 0.50
16 0.00
17 0.51
18 0.00
19 0.00
20 0.00
21 1.00
22 0.51
23 0.50
24 0.50
25 0.50
26 0.50
27 0.50
28 1.01
29 0.00
30 1.00
31 0.50
32 0.50
33 0.50
34 0.50
35 0.00
36 0.00
37 0.50
38 0.50
39 1.00
40 0.50
41 1.00
42 0.00
43 0.00
44 0.00
45 0.00
46 1.00
47 0.50
48 1.01
49 0.00
50 0.00
51 0.00
52 0.00
53 0.00
54 0.50
55 0.50
56 0.00
57 0.00
58 0.50
59 0.00
60 0.00
61 0.51
62 0.00
63 0.00
64 0.00
65 0.00
66 0.00
67 0.00
68 0.00
69 0.00
70 0.00
71 0.00
72 0.51
73 0.00
74 0.00
75 0.51
76 0.00
77 0.00
78 0.00
79 0.00
80 0.00
81 0.00
82 0.00
83 0.51
84 0.00
85 0.00
86 0.00
87 0.51
88 0.00
