0 0.00
1 42.08
2 8.54
3 0.00
4 0.00
5 0.50
6 0.50
7 1.00
8 0.50
9 0.00
10 0.00
11 0.00
12 0.00
13 0.00
14 0.50
15 0.00
16 0.00
17 0.00
18 0.00
19 1.00
20 0.00
21 0.00
22 0.00
23 0.00
24 0.00
25 0.00
26 0.00
27 0.00
28 0.00
29 0.00
30 0.00
31 0.00
32 0.50
33 0.00
34 0.00
35 0.50
36 0.00
37 0.00
38 0.00
39 0.00
40 0.00
41 0.50
42 0.50
43 0.50
44 0.50
45 0.00
46 0.50
47 0.00
48 0.00
49 0.50
50 0.00
51 1.00
52 0.00
53 0.50
54 0.50
55 0.00
56 0.00
57 0.51
58 0.00
59 0.00
60 0.00
61 0.00
62 0.00
63 0.00
64 0.00
65 0.00
66 0.51
67 0.00
68 0.51
69 0.00
70 0.00
71 0.00
72 0.00
73 0.00
74 0.00
75 0.00
76 0.00
77 0.00
78 0.00
79 0.50
80 0.00
81 0.00
82 0.00
83 0.00
84 0.00
85 0.00
86 0.00
87 0.00
88 0.51
