0 0.51
1 0.51
2 59.49
3 100.00
4 100.00
5 100.00
6 100.00
7 100.00
8 100.00
9 96.75
10 0.00
11 81.61
12 33.25
13 0.00
14 27.74
15 58.79
16 17.63
17 0.00
18 41.58
19 0.26
20 8.95
21 40.15
22 2.54
23 7.89
24 4.07
25 0.00
26 16.54
27 49.24
28 26.21
29 60.00
30 47.47
31 24.30
32 4.63
33 0.00
34 0.00
35 0.00
36 8.12
37 0.00
38 60.35
39 100.00
40 100.00
41 91.50
42 0.00
43 0.00
44 9.16
45 50.00
46 90.98
47 60.20
48 36.96
49 47.98
50 57.93
51 70.60
52 34.94
53 61.71
54 79.70
55 89.20
56 53.65
57 90.23
58 100.00
59 100.00
60 78.39
61 59.70
62 51.64
63 41.77
64 0.00
65 0.25
66 0.00
67 59.70
68 100.00
69 100.00
70 100.00
71 100.00
72 100.00
73 100.00
74 100.00
75 100.00
76 52.53
77 89.50
78 75.63
79 83.42
80 38.99
81 0.00
82 60.71
83 100.00
84 100.00
85 100.00
86 100.00
87 100.00
88 100.00
89 100.00
90 62.81
91 17.30
92 9.14
93 100.00
94 100.00
95 100.00
96 100.00
97 51.52
98 0.00
99 41.06
100 43.54
101 26.08
102 96.74
103 45.84
104 59.95
105 98.50
106 51.89
107 81.16
108 100.00
109 53.15
110 59.45
111 66.25
112 68.84
113 84.21
114 62.47
115 52.02
116 54.55
117 73.93
118 100.00
119 95.24
120 73.87
121 100.00
122 100.00
123 100.00
124 90.73
125 0.00
126 84.71
127 100.00
128 23.60
129 0.00
130 0.00
131 60.30
132 47.73
133 71.11
134 100.00
135 89.00
136 0.00
137 59.30
138 20.81
139 61.21
140 26.58
141 56.93
142 45.06
143 0.00
144 66.83
145 33.67
146 0.00
147 56.78
148 9.23
149 30.81
150 0.00
151 3.32
152 1.78
153 11.73
154 4.08
155 0.00
156 1.54
157 0.00
158 0.00
159 6.91
160 35.88
161 16.88
162 5.85
163 0.00
164 0.00
165 88.22
166 100.00
167 100.00
168 95.25
169 1.77
170 0.00
171 0.00
172 0.00
173 0.00
174 0.00
175 0.25
176 0.00
177 0.00
178 0.00
179 60.86
180 48.74
181 2.28
182 0.76
183 1.28
184 0.00
185 26.08
186 0.00
187 9.62
188 0.00
189 0.00
190 0.00
191 0.00
192 0.00
193 6.36
194 0.00
195 0.00
196 0.00
197 8.63
198 23.48
199 59.49
200 8.86
201 50.51
202 43.18
203 57.68
204 32.91
205 65.49
206 27.09
207 48.74
208 26.33
209 59.85
210 100.00
211 100.00
212 100.00
213 100.00
214 95.25
215 87.19
216 90.25
217 52.02
218 46.21
219 0.00
220 0.00
221 0.00
222 0.00
223 0.00
224 0.00
225 0.26
226 0.00
227 0.00
228 0.25
229 0.00
230 0.25
231 0.00
232 0.00
233 0.26
234 0.00
235 0.00
236 0.00
237 0.00
238 0.00
239 0.00
240 0.00
241 0.00
242 0.26
243 0.00
244 0.00
245 0.00
246 0.26
247 0.00
248 0.00
