0 0.00
1 0.00
2 0.00
3 0.00
4 0.00
5 0.00
6 0.00
7 0.00
8 0.00
9 0.00
10 0.00
11 0.00
12 0.00
13 0.00
14 0.00
15 0.25
16 0.00
17 0.00
18 0.00
19 0.00
20 0.00
21 0.00
22 0.00
23 0.00
24 43.36
25 100.00
26 100.00
27 100.00
28 100.00
29 100.00
30 100.00
31 100.00
32 100.00
33 100.00
34 100.00
35 100.00
36 100.00
37 100.00
38 38.10
39 0.00
40 0.00
41 0.00
42 0.00
43 0.00
44 0.00
45 0.00
46 0.00
47 0.00
48 0.00
49 0.00
50 0.00
51 0.00
52 0.00
53 0.00
54 0.00
55 0.00
56 0.00
57 0.00
58 0.00
59 0.00
60 0.00
61 0.00
62 0.00
63 0.00
64 0.00
65 0.00
66 0.00
67 0.00
68 0.00
69 0.00
70 0.00
71 0.00
72 0.00
73 0.00
74 0.00
75 0.00
76 0.00
77 0.00
78 0.00
79 0.00
80 0.00
81 0.00
82 0.00
83 0.00
84 0.00
85 0.00
86 0.00
87 0.00
88 0.00
89 0.00
90 0.00
91 0.00
92 0.00
93 0.00
94 0.00
95 0.00
96 0.00
97 0.00
98 0.00
99 0.00
100 0.00
101 0.00
102 0.00
103 0.00
104 38.75
105 100.00
106 100.00
107 100.00
108 100.00
109 100.00
110 100.00
111 100.00
112 100.00
113 100.00
114 100.00
115 100.00
116 100.00
117 100.00
118 100.00
119 100.00
120 100.00
121 40.75
122 0.00
123 0.00
124 0.00
125 0.00
126 0.00
127 0.00
128 0.00
129 0.00
130 0.00
131 0.00
132 0.00
133 0.00
134 0.00
135 0.00
136 0.00
137 0.00
138 0.00
139 0.00
140 0.00
141 0.00
142 0.00
143 0.00
144 0.00
145 0.00
146 0.00
147 0.00
148 0.00
149 0.00
150 0.00
151 0.00
152 0.00
153 0.00
154 0.00
155 0.00
156 0.00
157 0.00
158 0.00
159 0.00
160 0.00
161 0.00
162 0.00
163 0.00
164 0.00
165 0.00
166 0.00
167 0.00
168 0.00
169 0.00
170 0.00
171 0.00
172 0.00
173 0.00
174 0.00
175 0.00
176 0.00
177 0.00
178 0.00
179 0.00
180 0.00
181 0.00
182 0.00
183 0.00
184 1.00
185 100.00
186 100.00
187 100.00
188 100.00
189 100.00
190 100.00
191 100.00
192 100.00
193 100.00
194 100.00
195 100.00
196 100.00
197 100.00
198 100.00
199 100.00
200 100.00
201 100.00
202 100.00
203 100.00
204 100.00
205 100.00
206 100.00
207 100.00
208 100.00
209 100.00
210 100.00
211 100.00
212 100.00
213 100.00
214 100.00
215 100.00
216 100.00
217 100.00
218 100.00
219 100.00
220 100.00
221 100.00
222 100.00
223 100.00
224 28.07
225 0.00
226 0.00
227 0.00
228 0.00
229 0.00
230 0.00
231 0.00
232 0.00
233 0.00
234 0.00
235 0.00
236 0.00
237 0.00
238 0.00
239 0.00
240 0.00
241 0.00
242 0.00
243 0.00
244 0.00
245 0.00
246 0.00
247 0.00
248 0.00
