0 0.00
1 0.00
2 0.00
3 0.00
4 0.00
5 0.00
6 0.00
7 0.00
8 0.00
9 0.25
10 0.00
11 0.00
12 0.00
13 0.00
14 0.00
15 0.00
16 0.00
17 0.00
18 0.00
19 0.00
20 0.00
21 0.00
22 0.00
23 0.00
24 0.00
25 0.00
26 0.00
27 0.00
28 0.00
29 0.00
30 0.00
31 0.00
32 0.00
33 0.00
34 0.00
35 0.00
36 0.00
37 0.00
38 0.00
39 0.00
40 0.00
41 1.00
42 23.87
43 97.50
44 100.00
45 100.00
46 100.00
47 100.00
48 100.00
49 100.00
50 100.00
51 100.00
52 100.00
53 100.00
54 100.00
55 100.00
56 100.00
57 100.00
58 100.00
59 100.00
60 100.00
61 100.00
62 100.00
63 100.00
64 100.00
65 100.00
66 100.00
67 100.00
68 100.00
69 100.00
70 100.00
71 100.00
72 100.00
73 100.00
74 100.00
75 100.00
76 100.00
77 100.00
78 100.00
79 100.00
80 100.00
81 100.00
82 100.00
83 100.00
84 100.00
85 100.00
86 100.00
87 100.00
88 100.00
89 100.00
90 100.00
91 100.00
92 100.00
93 100.00
94 100.00
95 100.00
96 100.00
97 100.00
98 100.00
99 100.00
100 100.00
101 89.25
102 0.00
103 0.00
104 0.00
105 0.00
106 0.00
107 0.00
108 0.00
109 0.00
110 0.00
111 0.00
112 0.00
113 0.00
114 0.00
115 0.00
116 0.00
117 0.00
118 0.00
119 0.00
120 0.00
121 0.00
122 0.00
123 0.00
124 0.00
125 0.00
126 0.00
127 0.00
128 0.00
129 0.00
130 0.00
131 0.00
132 0.00
133 0.00
134 0.00
135 0.00
136 0.00
137 0.00
138 0.00
139 0.00
140 0.00
141 0.00
142 0.00
143 0.00
144 0.00
145 0.00
146 0.00
147 0.00
148 0.00
149 0.00
150 0.00
151 0.00
152 0.00
153 0.00
154 0.00
155 0.00
156 0.00
157 0.00
158 0.00
159 0.00
160 0.00
161 0.00
162 0.00
163 0.00
164 0.00
165 0.00
166 0.00
167 0.00
168 0.00
169 0.00
170 0.00
171 0.00
172 0.00
173 0.00
174 0.00
175 0.00
176 0.00
177 0.00
178 0.00
179 0.00
180 0.00
181 0.00
182 0.00
183 0.00
184 0.00
185 0.00
186 0.00
187 0.00
188 0.00
189 0.25
190 0.00
191 0.00
192 0.00
193 0.00
194 0.00
195 0.25
196 0.00
197 0.00
198 0.00
199 0.00
200 0.00
201 0.00
202 0.00
203 0.00
204 0.00
205 0.00
206 0.25
207 0.00
208 0.00
209 0.00
210 0.00
211 0.00
212 0.00
213 0.00
214 0.00
215 0.00
216 0.00
217 0.00
218 0.00
219 0.00
220 0.00
221 0.00
222 0.00
223 0.00
224 0.00
225 0.00
226 0.00
227 0.00
228 0.00
229 0.00
230 0.00
231 0.00
232 0.00
233 0.00
234 0.00
235 0.00
236 0.00
237 0.00
238 0.00
239 0.00
240 0.00
241 0.00
242 0.00
243 0.00
244 0.00
245 0.00
246 0.00
247 0.00
248 0.00
