0 0.00
1 0.00
2 0.00
3 0.00
4 0.00
5 0.00
6 0.00
7 0.00
8 0.00
9 0.25
10 0.00
11 0.00
12 0.00
13 0.00
14 0.00
15 0.00
16 0.00
17 0.00
18 0.00
19 0.00
20 0.00
21 0.00
22 0.00
23 0.00
24 0.00
25 0.00
26 0.00
27 0.00
28 0.00
29 0.00
30 0.00
31 0.00
32 0.00
33 0.00
34 0.00
35 0.00
36 0.00
37 0.00
38 0.00
39 0.00
40 0.00
41 0.00
42 0.00
43 0.00
44 0.00
45 0.00
46 0.00
47 0.00
48 0.00
49 0.25
50 0.00
51 0.00
52 0.00
53 0.25
54 0.00
55 0.00
56 0.00
57 0.00
58 0.00
59 0.00
60 0.00
61 0.25
62 0.00
63 0.00
64 0.00
65 0.25
66 0.00
67 0.00
68 0.00
69 0.00
70 0.00
71 0.00
72 0.00
73 0.00
74 0.00
75 0.00
76 0.00
77 0.00
78 0.25
79 0.00
80 0.00
81 0.00
82 0.00
83 0.25
84 0.25
85 0.00
86 0.25
87 0.00
88 0.25
89 0.00
90 0.25
91 0.00
92 0.00
93 0.00
94 0.00
95 0.00
96 0.00
97 0.25
98 0.00
99 0.25
100 0.00
101 0.00
102 0.00
103 0.25
104 0.00
105 0.00
106 0.25
107 0.25
108 0.00
109 0.25
110 0.25
111 0.00
112 0.00
113 0.25
114 0.25
115 0.00
116 0.25
117 0.00
118 0.00
119 0.25
120 0.00
121 0.00
122 0.00
123 0.00
124 0.00
125 0.00
126 0.00
127 0.00
128 0.00
129 0.00
130 0.00
131 0.00
132 0.00
133 0.00
134 0.00
135 2.50
136 0.00
137 0.00
138 0.00
139 0.00
140 0.00
141 0.00
142 0.00
143 0.00
144 0.00
145 0.00
146 0.00
147 0.00
148 0.00
149 0.00
150 0.00
151 0.00
152 0.00
153 0.00
154 0.00
155 0.00
156 0.00
157 0.00
158 0.00
159 0.00
160 0.00
161 0.00
162 0.00
163 0.00
164 0.00
165 0.00
166 0.00
167 0.00
168 0.00
169 0.00
170 0.00
171 0.00
172 0.00
173 0.00
174 0.00
175 0.00
176 0.00
177 0.00
178 0.00
179 0.00
180 0.00
181 0.00
182 0.00
183 0.00
184 0.00
185 0.00
186 0.00
187 61.50
188 100.00
189 100.00
190 100.00
191 100.00
192 40.25
193 0.00
194 0.00
195 0.00
196 0.00
197 0.00
198 0.00
199 0.00
200 0.00
201 0.00
202 0.00
203 0.00
204 0.00
205 0.00
206 0.00
207 0.00
208 0.00
209 0.00
210 0.00
211 0.00
212 0.00
213 0.00
214 0.00
215 0.00
216 0.00
217 0.00
218 0.00
219 0.00
220 0.00
221 0.00
222 0.00
223 0.00
224 0.00
225 0.00
226 0.00
227 0.00
228 0.00
229 0.00
230 0.00
231 0.00
232 0.00
233 0.00
234 0.00
235 0.00
236 0.00
237 0.00
238 0.00
239 0.00
240 0.00
241 0.00
242 0.00
243 0.00
244 0.00
245 0.00
246 0.00
247 0.00
248 0.00
