0 29.00
1 72.75
2 41.00
3 0.00
4 0.00
5 0.00
6 0.00
7 0.00
8 0.00
9 0.00
10 52.75
11 19.20
12 58.25
13 0.00
14 71.00
15 41.60
16 14.71
17 100.00
18 100.00
19 100.00
20 91.48
21 0.00
22 56.39
23 9.23
24 41.25
25 59.25
26 59.40
27 51.50
28 54.25
29 39.50
30 35.00
31 33.25
32 49.87
33 0.00
34 0.00
35 0.00
36 8.00
37 46.50
38 40.25
39 0.00
40 0.00
41 0.00
42 0.00
43 0.00
44 44.25
45 50.50
46 9.25
47 40.10
48 63.50
49 52.50
50 42.50
51 29.75
52 65.50
53 38.60
54 20.70
55 11.03
56 46.75
57 10.00
58 0.00
59 0.00
60 21.75
61 41.00
62 48.75
63 58.65
64 100.00
65 39.75
66 88.53
67 40.75
68 0.00
69 0.00
70 0.00
71 0.00
72 0.00
73 0.00
74 0.00
75 0.00
76 47.87
77 10.72
78 24.56
79 17.00
80 61.65
81 100.00
82 39.75
83 0.00
84 0.00
85 0.00
86 0.00
87 0.00
88 0.00
89 0.00
90 37.59
91 82.79
92 91.00
93 0.00
94 0.00
95 0.00
96 0.00
97 41.10
98 59.50
99 47.00
100 57.00
101 74.25
102 58.75
103 54.64
104 40.40
105 1.50
106 48.75
107 19.05
108 0.00
109 47.38
110 40.85
111 34.25
112 31.42
113 16.04
114 38.00
115 48.37
116 45.89
117 26.32
118 0.00
119 4.75
120 26.50
121 0.00
122 0.00
123 0.00
124 9.50
125 100.00
126 100.00
127 100.00
128 100.00
129 100.00
130 100.00
131 40.15
132 52.63
133 29.50
134 0.00
135 8.50
136 100.00
137 41.00
138 79.70
139 39.15
140 73.93
141 43.25
142 55.50
143 100.00
144 33.50
145 59.65
146 100.00
147 43.64
148 90.98
149 50.50
150 59.50
151 28.50
152 52.00
153 41.50
154 76.44
155 9.98
156 44.86
157 0.00
158 0.00
159 68.25
160 52.00
161 83.75
162 24.06
163 0.00
164 58.75
165 12.00
166 0.00
167 0.00
168 4.75
169 0.00
170 0.00
171 0.00
172 0.00
173 0.00
174 0.00
175 0.00
176 0.00
177 8.00
178 100.00
179 39.50
180 49.87
181 75.50
182 50.50
183 40.00
184 8.75
185 41.00
186 59.50
187 3.51
188 0.00
189 0.00
190 0.00
191 0.00
192 59.50
193 41.00
194 0.00
195 0.00
196 0.00
197 28.82
198 49.13
199 39.85
200 51.00
201 50.00
202 57.25
203 42.61
204 67.58
205 35.00
206 73.18
207 51.75
208 74.00
209 40.75
210 0.00
211 0.00
212 0.00
213 0.00
214 4.75
215 13.03
216 9.75
217 48.50
218 31.58
219 0.00
220 0.00
221 0.00
222 0.00
223 0.00
224 0.00
225 0.00
226 0.00
227 0.00
228 0.00
229 0.00
230 0.00
231 0.00
232 95.24
233 100.00
234 100.00
235 100.00
236 100.00
237 100.00
238 100.00
239 100.00
240 100.00
241 100.00
242 100.00
243 100.00
244 100.00
245 100.00
246 100.00
247 100.00
248 100.00
