Linux 2.6.32-279.14.1.el6.x86_64 (compute-641-14.local) 	04/21/20 	_x86_64_	(32 CPU)

02:03:47     CPU    %usr   %nice    %sys %iowait    %irq   %soft  %steal  %guest   %idle
02:03:48     all   82.07    0.00    0.94    0.00    0.00    0.00    0.00    0.00   16.99
02:03:48       0   82.83    0.00    1.01    0.00    0.00    0.00    0.00    0.00   16.16
02:03:48       1   87.00    0.00    0.00    0.00    0.00    0.00    0.00    0.00   13.00
02:03:48       2   83.00    0.00    1.00    0.00    0.00    0.00    0.00    0.00   16.00
02:03:48       3   91.00    0.00    1.00    0.00    0.00    0.00    0.00    0.00    8.00
02:03:48       4   89.11    0.00    0.99    0.00    0.00    0.00    0.00    0.00    9.90
02:03:48       5   83.00    0.00    1.00    0.00    0.00    0.00    0.00    0.00   16.00
02:03:48       6   89.00    0.00    1.00    0.00    0.00    0.00    0.00    0.00   10.00
02:03:48       7   84.00    0.00    0.00    0.00    0.00    0.00    0.00    0.00   16.00
02:03:48       8   87.00    0.00    1.00    0.00    0.00    0.00    0.00    0.00   12.00
02:03:48       9   81.00    0.00    1.00    0.00    0.00    0.00    0.00    0.00   18.00
02:03:48      10   78.00    0.00    1.00    0.00    0.00    0.00    0.00    0.00   21.00
02:03:48      11   82.00    0.00    1.00    0.00    0.00    0.00    0.00    0.00   17.00
02:03:48      12   82.00    0.00    0.00    0.00    0.00    0.00    0.00    0.00   18.00
02:03:48      13   76.24    0.00    0.99    0.00    0.00    0.00    0.00    0.00   22.77
02:03:48      14   77.23    0.00    0.99    0.00    0.00    0.00    0.00    0.00   21.78
02:03:48      15   81.82    0.00    0.00    0.00    0.00    0.00    0.00    0.00   18.18
02:03:48      16   84.85    0.00    1.01    0.00    0.00    0.00    0.00    0.00   14.14
02:03:48      17   82.83    0.00    1.01    0.00    0.00    0.00    0.00    0.00   16.16
02:03:48      18   77.00    0.00    1.00    0.00    0.00    0.00    0.00    0.00   22.00
02:03:48      19   83.33    0.00    1.96    0.98    0.00    0.00    0.00    0.00   13.73
02:03:48      20   81.00    0.00    1.00    0.00    0.00    0.00    0.00    0.00   18.00
02:03:48      21   86.00    0.00    1.00    0.00    0.00    0.00    0.00    0.00   13.00
02:03:48      22   86.14    0.00    0.99    0.00    0.00    0.00    0.00    0.00   12.87
02:03:48      23   88.12    0.00    0.99    0.00    0.00    0.00    0.00    0.00   10.89
02:03:48      24   86.00    0.00    1.00    0.00    0.00    0.00    0.00    0.00   13.00
02:03:48      25   77.23    0.00    0.99    0.00    0.00    0.00    0.00    0.00   21.78
02:03:48      26   70.30    0.00    0.99    0.00    0.00    0.00    0.00    0.00   28.71
02:03:48      27   78.00    0.00    0.00    0.00    0.00    0.00    0.00    0.00   22.00
02:03:48      28   78.00    0.00    1.00    0.00    0.00    0.00    0.00    0.00   21.00
02:03:48      29   80.00    0.00    1.00    0.00    0.00    0.00    0.00    0.00   19.00
02:03:48      30   72.28    0.00    1.98    0.00    0.00    0.00    0.00    0.00   25.74
02:03:48      31   78.79    0.00    0.00    0.00    0.00    0.00    0.00    0.00   21.21

02:03:48     CPU    %usr   %nice    %sys %iowait    %irq   %soft  %steal  %guest   %idle
02:03:49     all   82.22    0.00    0.12    0.00    0.00    0.00    0.00    0.00   17.65
02:03:49       0   92.00    0.00    0.00    0.00    0.00    0.00    0.00    0.00    8.00
02:03:49       1   85.15    0.00    0.99    0.00    0.00    0.00    0.00    0.00   13.86
02:03:49       2   87.00    0.00    0.00    0.00    0.00    0.00    0.00    0.00   13.00
02:03:49       3   88.00    0.00    0.00    0.00    0.00    0.00    0.00    0.00   12.00
02:03:49       4   86.00    0.00    0.00    0.00    0.00    0.00    0.00    0.00   14.00
02:03:49       5   86.14    0.00    0.00    0.00    0.00    0.00    0.00    0.00   13.86
02:03:49       6   83.84    0.00    0.00    0.00    0.00    0.00    0.00    0.00   16.16
02:03:49       7   78.79    0.00    0.00    0.00    0.00    0.00    0.00    0.00   21.21
02:03:49       8   85.00    0.00    0.00    0.00    0.00    0.00    0.00    0.00   15.00
02:03:49       9   82.00    0.00    0.00    0.00    0.00    0.00    0.00    0.00   18.00
02:03:49      10   83.00    0.00    0.00    0.00    0.00    0.00    0.00    0.00   17.00
02:03:49      11   80.00    0.00    0.00    0.00    0.00    0.00    0.00    0.00   20.00
02:03:49      12   77.78    0.00    0.00    0.00    0.00    0.00    0.00    0.00   22.22
02:03:49      13   76.00    0.00    0.00    0.00    0.00    0.00    0.00    0.00   24.00
02:03:49      14   86.00    0.00    0.00    0.00    0.00    0.00    0.00    0.00   14.00
02:03:49      15   77.78    0.00    0.00    0.00    0.00    0.00    0.00    0.00   22.22
02:03:49      16   78.43    0.00    0.98    0.00    0.00    0.00    0.00    0.00   20.59
02:03:49      17   79.21    0.00    0.00    0.00    0.00    0.00    0.00    0.00   20.79
02:03:49      18   86.87    0.00    0.00    0.00    0.00    0.00    0.00    0.00   13.13
02:03:49      19   89.90    0.00    0.00    0.00    0.00    0.00    0.00    0.00   10.10
02:03:49      20   76.00    0.00    0.00    0.00    0.00    0.00    0.00    0.00   24.00
02:03:49      21   82.00    0.00    0.00    0.00    0.00    0.00    0.00    0.00   18.00
02:03:49      22   86.87    0.00    0.00    0.00    0.00    0.00    0.00    0.00   13.13
02:03:49      23   79.80    0.00    0.00    0.00    0.00    0.00    0.00    0.00   20.20
02:03:49      24   83.84    0.00    0.00    0.00    0.00    0.00    0.00    0.00   16.16
02:03:49      25   79.21    0.00    0.99    0.00    0.00    0.00    0.00    0.00   19.80
02:03:49      26   78.79    0.00    0.00    0.00    0.00    0.00    0.00    0.00   21.21
02:03:49      27   80.20    0.00    0.99    0.00    0.00    0.00    0.00    0.00   18.81
02:03:49      28   81.19    0.00    0.99    0.00    0.00    0.00    0.00    0.00   17.82
02:03:49      29   77.23    0.00    0.00    0.00    0.00    0.00    0.00    0.00   22.77
02:03:49      30   81.00    0.00    0.00    0.00    0.00    0.00    0.00    0.00   19.00
02:03:49      31   78.00    0.00    0.00    0.00    0.00    0.00    0.00    0.00   22.00

02:03:49     CPU    %usr   %nice    %sys %iowait    %irq   %soft  %steal  %guest   %idle
02:03:50     all   83.20    0.00    0.09    0.00    0.00    0.00    0.00    0.00   16.71
02:03:50       0   93.94    0.00    0.00    0.00    0.00    0.00    0.00    0.00    6.06
02:03:50       1   79.00    0.00    0.00    0.00    0.00    0.00    0.00    0.00   21.00
02:03:50       2   90.00    0.00    0.00    0.00    0.00    0.00    0.00    0.00   10.00
02:03:50       3   86.14    0.00    0.00    0.00    0.00    0.00    0.00    0.00   13.86
02:03:50       4   85.00    0.00    0.00    0.00    0.00    0.00    0.00    0.00   15.00
02:03:50       5   87.00    0.00    0.00    0.00    0.00    0.00    0.00    0.00   13.00
02:03:50       6   80.00    0.00    0.00    0.00    0.00    0.00    0.00    0.00   20.00
02:03:50       7   82.18    0.00    0.00    0.00    0.00    0.00    0.00    0.00   17.82
02:03:50       8   83.84    0.00    0.00    0.00    0.00    0.00    0.00    0.00   16.16
02:03:50       9   80.20    0.00    0.00    0.00    0.00    0.00    0.00    0.00   19.80
02:03:50      10   81.00    0.00    1.00    0.00    0.00    0.00    0.00    0.00   18.00
02:03:50      11   84.00    0.00    0.00    0.00    0.00    0.00    0.00    0.00   16.00
02:03:50      12   81.00    0.00    0.00    0.00    0.00    0.00    0.00    0.00   19.00
02:03:50      13   81.00    0.00    0.00    0.00    0.00    0.00    0.00    0.00   19.00
02:03:50      14   81.63    0.00    0.00    0.00    0.00    0.00    0.00    0.00   18.37
02:03:50      15   79.21    0.00    0.99    0.00    0.00    0.00    0.00    0.00   19.80
02:03:50      16   86.00    0.00    0.00    0.00    0.00    0.00    0.00    0.00   14.00
02:03:50      17   80.81    0.00    0.00    0.00    0.00    0.00    0.00    0.00   19.19
02:03:50      18   89.11    0.00    0.00    0.00    0.00    0.00    0.00    0.00   10.89
02:03:50      19   80.00    0.00    0.00    0.00    0.00    0.00    0.00    0.00   20.00
02:03:50      20   78.00    0.00    0.00    0.00    0.00    0.00    0.00    0.00   22.00
02:03:50      21   86.00    0.00    0.00    0.00    0.00    0.00    0.00    0.00   14.00
02:03:50      22   86.00    0.00    0.00    0.00    0.00    0.00    0.00    0.00   14.00
02:03:50      23   86.00    0.00    0.00    0.00    0.00    0.00    0.00    0.00   14.00
02:03:50      24   80.20    0.00    0.00    0.00    0.00    0.00    0.00    0.00   19.80
02:03:50      25   88.78    0.00    0.00    0.00    0.00    0.00    0.00    0.00   11.22
02:03:50      26   80.00    0.00    0.00    0.00    0.00    0.00    0.00    0.00   20.00
02:03:50      27   82.00    0.00    0.00    0.00    0.00    0.00    0.00    0.00   18.00
02:03:50      28   81.00    0.00    0.00    0.00    0.00    0.00    0.00    0.00   19.00
02:03:50      29   81.00    0.00    0.00    0.00    0.00    0.00    0.00    0.00   19.00
02:03:50      30   81.00    0.00    0.00    0.00    0.00    0.00    0.00    0.00   19.00
02:03:50      31   80.00    0.00    0.00    0.00    0.00    0.00    0.00    0.00   20.00

02:03:50     CPU    %usr   %nice    %sys %iowait    %irq   %soft  %steal  %guest   %idle
02:03:51     all   82.73    0.00    0.06    0.00    0.00    0.00    0.00    0.00   17.20
02:03:51       0   90.00    0.00    0.00    0.00    0.00    0.00    0.00    0.00   10.00
02:03:51       1   92.00    0.00    0.00    0.00    0.00    0.00    0.00    0.00    8.00
02:03:51       2   85.00    0.00    0.00    0.00    0.00    0.00    0.00    0.00   15.00
02:03:51       3   82.83    0.00    0.00    0.00    0.00    0.00    0.00    0.00   17.17
02:03:51       4   85.00    0.00    0.00    0.00    0.00    0.00    0.00    0.00   15.00
02:03:51       5   81.00    0.00    0.00    0.00    0.00    0.00    0.00    0.00   19.00
02:03:51       6   74.26    0.00    0.00    0.00    0.00    0.00    0.00    0.00   25.74
02:03:51       7   82.00    0.00    0.00    0.00    0.00    0.00    0.00    0.00   18.00
02:03:51       8   89.00    0.00    0.00    0.00    0.00    0.00    0.00    0.00   11.00
02:03:51       9   81.82    0.00    0.00    0.00    0.00    0.00    0.00    0.00   18.18
02:03:51      10   83.00    0.00    0.00    0.00    0.00    0.00    0.00    0.00   17.00
02:03:51      11   80.81    0.00    0.00    0.00    0.00    0.00    0.00    0.00   19.19
02:03:51      12   76.00    0.00    0.00    0.00    0.00    0.00    0.00    0.00   24.00
02:03:51      13   81.82    0.00    0.00    0.00    0.00    0.00    0.00    0.00   18.18
02:03:51      14   85.15    0.00    0.00    0.00    0.00    0.00    0.00    0.00   14.85
02:03:51      15   78.00    0.00    0.00    0.00    0.00    0.00    0.00    0.00   22.00
02:03:51      16   84.85    0.00    0.00    0.00    0.00    0.00    0.00    0.00   15.15
02:03:51      17   84.00    0.00    0.00    0.00    0.00    0.00    0.00    0.00   16.00
02:03:51      18   83.00    0.00    0.00    0.00    0.00    0.00    0.00    0.00   17.00
02:03:51      19   85.00    0.00    0.00    0.00    0.00    0.00    0.00    0.00   15.00
02:03:51      20   80.81    0.00    0.00    0.00    0.00    0.00    0.00    0.00   19.19
02:03:51      21   80.00    0.00    0.00    0.00    0.00    0.00    0.00    0.00   20.00
02:03:51      22   82.83    0.00    0.00    0.00    0.00    0.00    0.00    0.00   17.17
02:03:51      23   76.24    0.00    0.00    0.00    0.00    0.00    0.00    0.00   23.76
02:03:51      24   87.88    0.00    0.00    0.00    0.00    0.00    0.00    0.00   12.12
02:03:51      25   75.00    0.00    0.00    0.00    0.00    0.00    0.00    0.00   25.00
02:03:51      26   83.00    0.00    0.00    0.00    0.00    0.00    0.00    0.00   17.00
02:03:51      27   84.85    0.00    0.00    0.00    0.00    0.00    0.00    0.00   15.15
02:03:51      28   82.00    0.00    0.00    0.00    0.00    0.00    0.00    0.00   18.00
02:03:51      29   83.67    0.00    0.00    0.00    0.00    0.00    0.00    0.00   16.33
02:03:51      30   84.85    0.00    0.00    0.00    0.00    0.00    0.00    0.00   15.15
02:03:51      31   85.00    0.00    0.00    0.00    0.00    0.00    0.00    0.00   15.00

02:03:51     CPU    %usr   %nice    %sys %iowait    %irq   %soft  %steal  %guest   %idle
02:03:52     all   81.22    0.00    0.06    0.00    0.00    0.00    0.00    0.00   18.72
02:03:52       0   91.00    0.00    0.00    0.00    0.00    0.00    0.00    0.00    9.00
02:03:52       1   86.00    0.00    0.00    0.00    0.00    0.00    0.00    0.00   14.00
02:03:52       2   84.00    0.00    0.00    0.00    0.00    0.00    0.00    0.00   16.00
02:03:52       3   80.00    0.00    0.00    0.00    0.00    0.00    0.00    0.00   20.00
02:03:52       4   79.21    0.00    0.00    0.00    0.00    0.00    0.00    0.00   20.79
02:03:52       5   85.00    0.00    0.00    0.00    0.00    0.00    0.00    0.00   15.00
02:03:52       6   87.00    0.00    0.00    0.00    0.00    0.00    0.00    0.00   13.00
02:03:52       7   79.00    0.00    0.00    0.00    0.00    0.00    0.00    0.00   21.00
02:03:52       8   78.22    0.00    0.00    0.00    0.00    0.00    0.00    0.00   21.78
02:03:52       9   81.19    0.00    0.00    0.00    0.00    0.00    0.00    0.00   18.81
02:03:52      10   82.18    0.00    0.99    0.00    0.00    0.00    0.00    0.00   16.83
02:03:52      11   78.00    0.00    0.00    0.00    0.00    0.00    0.00    0.00   22.00
02:03:52      12   75.00    0.00    0.00    0.00    0.00    0.00    0.00    0.00   25.00
02:03:52      13   75.00    0.00    0.00    0.00    0.00    0.00    0.00    0.00   25.00
02:03:52      14   82.83    0.00    0.00    0.00    0.00    0.00    0.00    0.00   17.17
02:03:52      15   78.79    0.00    0.00    0.00    0.00    0.00    0.00    0.00   21.21
02:03:52      16   83.00    0.00    0.00    0.00    0.00    0.00    0.00    0.00   17.00
02:03:52      17   81.19    0.00    0.99    0.00    0.00    0.00    0.00    0.00   17.82
02:03:52      18   81.00    0.00    0.00    0.00    0.00    0.00    0.00    0.00   19.00
02:03:52      19   82.83    0.00    0.00    0.00    0.00    0.00    0.00    0.00   17.17
02:03:52      20   84.16    0.00    0.00    0.00    0.00    0.00    0.00    0.00   15.84
02:03:52      21   77.23    0.00    0.99    0.00    0.00    0.00    0.00    0.00   21.78
02:03:52      22   87.13    0.00    0.00    0.00    0.00    0.00    0.00    0.00   12.87
02:03:52      23   85.86    0.00    0.00    0.00    0.00    0.00    0.00    0.00   14.14
02:03:52      24   80.00    0.00    0.00    0.00    0.00    0.00    0.00    0.00   20.00
02:03:52      25   81.00    0.00    0.00    0.00    0.00    0.00    0.00    0.00   19.00
02:03:52      26   82.00    0.00    1.00    0.00    0.00    0.00    0.00    0.00   17.00
02:03:52      27   79.00    0.00    0.00    0.00    0.00    0.00    0.00    0.00   21.00
02:03:52      28   80.81    0.00    0.00    0.00    0.00    0.00    0.00    0.00   19.19
02:03:52      29   75.25    0.00    0.00    0.00    0.00    0.00    0.00    0.00   24.75
02:03:52      30   73.00    0.00    0.00    0.00    0.00    0.00    0.00    0.00   27.00
02:03:52      31   80.00    0.00    0.00    0.00    0.00    0.00    0.00    0.00   20.00

02:03:52     CPU    %usr   %nice    %sys %iowait    %irq   %soft  %steal  %guest   %idle
02:03:53     all   81.76    0.00    0.13    0.03    0.00    0.00    0.00    0.00   18.08
02:03:53       0   88.89    0.00    0.00    0.00    0.00    0.00    0.00    0.00   11.11
02:03:53       1   89.00    0.00    0.00    0.00    0.00    0.00    0.00    0.00   11.00
02:03:53       2   85.00    0.00    0.00    0.00    0.00    0.00    0.00    0.00   15.00
02:03:53       3   75.00    0.00    0.00    0.00    0.00    0.00    0.00    0.00   25.00
02:03:53       4   81.82    0.00    0.00    0.00    0.00    0.00    0.00    0.00   18.18
02:03:53       5   75.00    0.00    0.00    0.00    0.00    0.00    0.00    0.00   25.00
02:03:53       6   74.26    0.00    0.00    0.00    0.00    0.00    0.00    0.00   25.74
02:03:53       7   80.00    0.00    0.00    0.00    0.00    0.00    0.00    0.00   20.00
02:03:53       8   83.84    0.00    1.01    0.00    0.00    0.00    0.00    0.00   15.15
02:03:53       9   85.15    0.00    0.99    0.00    0.00    0.00    0.00    0.00   13.86
02:03:53      10   88.00    0.00    0.00    0.00    0.00    0.00    0.00    0.00   12.00
02:03:53      11   81.82    0.00    0.00    0.00    0.00    0.00    0.00    0.00   18.18
02:03:53      12   87.00    0.00    0.00    0.00    0.00    0.00    0.00    0.00   13.00
02:03:53      13   84.00    0.00    0.00    0.00    0.00    0.00    0.00    0.00   16.00
02:03:53      14   87.00    0.00    0.00    0.00    0.00    0.00    0.00    0.00   13.00
02:03:53      15   84.16    0.00    0.00    0.00    0.00    0.00    0.00    0.00   15.84
02:03:53      16   79.00    0.00    0.00    0.00    0.00    0.00    0.00    0.00   21.00
02:03:53      17   77.00    0.00    0.00    0.00    0.00    0.00    0.00    0.00   23.00
02:03:53      18   81.00    0.00    0.00    0.00    0.00    0.00    0.00    0.00   19.00
02:03:53      19   71.29    0.00    0.99    0.00    0.00    0.00    0.00    0.00   27.72
02:03:53      20   78.79    0.00    0.00    0.00    0.00    0.00    0.00    0.00   21.21
02:03:53      21   83.00    0.00    0.00    0.00    0.00    0.00    0.00    0.00   17.00
02:03:53      22   77.00    0.00    0.00    0.00    0.00    0.00    0.00    0.00   23.00
02:03:53      23   76.00    0.00    0.00    0.00    0.00    0.00    0.00    0.00   24.00
02:03:53      24   81.19    0.00    0.99    0.00    0.00    0.00    0.00    0.00   17.82
02:03:53      25   79.80    0.00    0.00    0.00    0.00    0.00    0.00    0.00   20.20
02:03:53      26   84.00    0.00    0.00    0.00    0.00    0.00    0.00    0.00   16.00
02:03:53      27   84.00    0.00    0.00    0.00    0.00    0.00    0.00    0.00   16.00
02:03:53      28   87.00    0.00    0.00    0.00    0.00    0.00    0.00    0.00   13.00
02:03:53      29   86.00    0.00    0.00    0.00    0.00    0.00    0.00    0.00   14.00
02:03:53      30   81.00    0.00    0.00    0.00    0.00    0.00    0.00    0.00   19.00
02:03:53      31   80.00    0.00    1.00    0.00    0.00    0.00    0.00    0.00   19.00

02:03:53     CPU    %usr   %nice    %sys %iowait    %irq   %soft  %steal  %guest   %idle
02:03:54     all   82.63    0.00    0.09    0.00    0.00    0.00    0.00    0.00   17.28
02:03:54       0   91.84    0.00    0.00    0.00    0.00    0.00    0.00    0.00    8.16
02:03:54       1   89.00    0.00    0.00    0.00    0.00    0.00    0.00    0.00   11.00
02:03:54       2   89.90    0.00    0.00    0.00    0.00    0.00    0.00    0.00   10.10
02:03:54       3   87.13    0.00    0.99    0.00    0.00    0.00    0.00    0.00   11.88
02:03:54       4   85.00    0.00    0.00    0.00    0.00    0.00    0.00    0.00   15.00
02:03:54       5   82.00    0.00    0.00    0.00    0.00    0.00    0.00    0.00   18.00
02:03:54       6   90.91    0.00    0.00    0.00    0.00    0.00    0.00    0.00    9.09
02:03:54       7   83.84    0.00    0.00    0.00    0.00    0.00    0.00    0.00   16.16
02:03:54       8   86.00    0.00    0.00    0.00    0.00    0.00    0.00    0.00   14.00
02:03:54       9   78.79    0.00    0.00    0.00    0.00    0.00    0.00    0.00   21.21
02:03:54      10   81.19    0.00    0.00    0.00    0.00    0.00    0.00    0.00   18.81
02:03:54      11   82.18    0.00    0.00    0.00    0.00    0.00    0.00    0.00   17.82
02:03:54      12   81.00    0.00    1.00    0.00    0.00    0.00    0.00    0.00   18.00
02:03:54      13   84.00    0.00    0.00    0.00    0.00    0.00    0.00    0.00   16.00
02:03:54      14   78.22    0.00    0.99    0.00    0.00    0.00    0.00    0.00   20.79
02:03:54      15   82.83    0.00    0.00    0.00    0.00    0.00    0.00    0.00   17.17
02:03:54      16   84.00    0.00    0.00    0.00    0.00    0.00    0.00    0.00   16.00
02:03:54      17   85.00    0.00    0.00    0.00    0.00    0.00    0.00    0.00   15.00
02:03:54      18   79.80    0.00    0.00    0.00    0.00    0.00    0.00    0.00   20.20
02:03:54      19   88.00    0.00    0.00    0.00    0.00    0.00    0.00    0.00   12.00
02:03:54      20   84.16    0.00    0.00    0.00    0.00    0.00    0.00    0.00   15.84
02:03:54      21   84.00    0.00    0.00    0.00    0.00    0.00    0.00    0.00   16.00
02:03:54      22   87.88    0.00    0.00    0.00    0.00    0.00    0.00    0.00   12.12
02:03:54      23   83.17    0.00    0.00    0.00    0.00    0.00    0.00    0.00   16.83
02:03:54      24   81.63    0.00    0.00    0.00    0.00    0.00    0.00    0.00   18.37
02:03:54      25   79.00    0.00    0.00    0.00    0.00    0.00    0.00    0.00   21.00
02:03:54      26   77.00    0.00    0.00    0.00    0.00    0.00    0.00    0.00   23.00
02:03:54      27   74.00    0.00    0.00    0.00    0.00    0.00    0.00    0.00   26.00
02:03:54      28   70.30    0.00    0.99    0.00    0.00    0.00    0.00    0.00   28.71
02:03:54      29   76.00    0.00    0.00    0.00    0.00    0.00    0.00    0.00   24.00
02:03:54      30   83.00    0.00    0.00    0.00    0.00    0.00    0.00    0.00   17.00
02:03:54      31   74.26    0.00    0.00    0.00    0.00    0.00    0.00    0.00   25.74

02:03:54     CPU    %usr   %nice    %sys %iowait    %irq   %soft  %steal  %guest   %idle
02:03:55     all   81.58    0.00    0.06    0.00    0.00    0.00    0.00    0.00   18.36
02:03:55       0   84.00    0.00    0.00    0.00    0.00    0.00    0.00    0.00   16.00
02:03:55       1   79.00    0.00    0.00    0.00    0.00    0.00    0.00    0.00   21.00
02:03:55       2   82.83    0.00    0.00    0.00    0.00    0.00    0.00    0.00   17.17
02:03:55       3   80.00    0.00    0.00    0.00    0.00    0.00    0.00    0.00   20.00
02:03:55       4   81.82    0.00    0.00    0.00    0.00    0.00    0.00    0.00   18.18
02:03:55       5   82.00    0.00    1.00    0.00    0.00    0.00    0.00    0.00   17.00
02:03:55       6   74.00    0.00    0.00    0.00    0.00    0.00    0.00    0.00   26.00
02:03:55       7   82.00    0.00    0.00    0.00    0.00    0.00    0.00    0.00   18.00
02:03:55       8   90.00    0.00    0.00    0.00    0.00    0.00    0.00    0.00   10.00
02:03:55       9   85.00    0.00    0.00    0.00    0.00    0.00    0.00    0.00   15.00
02:03:55      10   81.82    0.00    0.00    0.00    0.00    0.00    0.00    0.00   18.18
02:03:55      11   70.71    0.00    1.01    0.00    0.00    0.00    0.00    0.00   28.28
02:03:55      12   76.77    0.00    0.00    0.00    0.00    0.00    0.00    0.00   23.23
02:03:55      13   83.00    0.00    0.00    0.00    0.00    0.00    0.00    0.00   17.00
02:03:55      14   85.00    0.00    0.00    0.00    0.00    0.00    0.00    0.00   15.00
02:03:55      15   78.00    0.00    0.00    0.00    0.00    0.00    0.00    0.00   22.00
02:03:55      16   70.71    0.00    0.00    0.00    0.00    0.00    0.00    0.00   29.29
02:03:55      17   87.00    0.00    0.00    0.00    0.00    0.00    0.00    0.00   13.00
02:03:55      18   81.19    0.00    0.99    0.00    0.00    0.00    0.00    0.00   17.82
02:03:55      19   83.84    0.00    0.00    0.00    0.00    0.00    0.00    0.00   16.16
02:03:55      20   83.84    0.00    0.00    0.00    0.00    0.00    0.00    0.00   16.16
02:03:55      21   79.00    0.00    0.00    0.00    0.00    0.00    0.00    0.00   21.00
02:03:55      22   86.00    0.00    0.00    0.00    0.00    0.00    0.00    0.00   14.00
02:03:55      23   86.87    0.00    0.00    0.00    0.00    0.00    0.00    0.00   13.13
02:03:55      24   90.10    0.00    0.00    0.00    0.00    0.00    0.00    0.00    9.90
02:03:55      25   87.00    0.00    0.00    0.00    0.00    0.00    0.00    0.00   13.00
02:03:55      26   79.21    0.00    0.00    0.00    0.00    0.00    0.00    0.00   20.79
02:03:55      27   77.00    0.00    0.00    0.00    0.00    0.00    0.00    0.00   23.00
02:03:55      28   83.00    0.00    0.00    0.00    0.00    0.00    0.00    0.00   17.00
02:03:55      29   78.00    0.00    0.00    0.00    0.00    0.00    0.00    0.00   22.00
02:03:55      30   78.00    0.00    0.00    0.00    0.00    0.00    0.00    0.00   22.00
02:03:55      31   82.00    0.00    0.00    0.00    0.00    0.00    0.00    0.00   18.00

02:03:55     CPU    %usr   %nice    %sys %iowait    %irq   %soft  %steal  %guest   %idle
02:03:56     all   82.72    0.00    0.16    0.00    0.00    0.00    0.00    0.00   17.13
02:03:56       0   90.91    0.00    0.00    0.00    0.00    0.00    0.00    0.00    9.09
02:03:56       1   85.00    0.00    1.00    0.00    0.00    0.00    0.00    0.00   14.00
02:03:56       2   83.00    0.00    0.00    0.00    0.00    0.00    0.00    0.00   17.00
02:03:56       3   81.82    0.00    0.00    0.00    0.00    0.00    0.00    0.00   18.18
02:03:56       4   83.00    0.00    1.00    0.00    0.00    0.00    0.00    0.00   16.00
02:03:56       5   86.00    0.00    0.00    0.00    0.00    0.00    0.00    0.00   14.00
02:03:56       6   82.18    0.00    0.99    0.00    0.00    0.00    0.00    0.00   16.83
02:03:56       7   79.80    0.00    1.01    0.00    0.00    0.00    0.00    0.00   19.19
02:03:56       8   81.82    0.00    0.00    0.00    0.00    0.00    0.00    0.00   18.18
02:03:56       9   81.82    0.00    0.00    0.00    0.00    0.00    0.00    0.00   18.18
02:03:56      10   86.00    0.00    0.00    0.00    0.00    0.00    0.00    0.00   14.00
02:03:56      11   72.00    0.00    1.00    0.00    0.00    0.00    0.00    0.00   27.00
02:03:56      12   85.00    0.00    0.00    0.00    0.00    0.00    0.00    0.00   15.00
02:03:56      13   86.00    0.00    1.00    0.00    0.00    0.00    0.00    0.00   13.00
02:03:56      14   89.00    0.00    0.00    0.00    0.00    0.00    0.00    0.00   11.00
02:03:56      15   76.24    0.00    0.00    0.00    0.00    0.00    0.00    0.00   23.76
02:03:56      16   73.00    0.00    0.00    0.00    0.00    0.00    0.00    0.00   27.00
02:03:56      17   81.82    0.00    0.00    0.00    0.00    0.00    0.00    0.00   18.18
02:03:56      18   83.84    0.00    0.00    0.00    0.00    0.00    0.00    0.00   16.16
02:03:56      19   81.00    0.00    0.00    0.00    0.00    0.00    0.00    0.00   19.00
02:03:56      20   74.75    0.00    0.00    0.00    0.00    0.00    0.00    0.00   25.25
02:03:56      21   80.00    0.00    0.00    0.00    0.00    0.00    0.00    0.00   20.00
02:03:56      22   83.00    0.00    0.00    0.00    0.00    0.00    0.00    0.00   17.00
02:03:56      23   84.00    0.00    0.00    0.00    0.00    0.00    0.00    0.00   16.00
02:03:56      24   87.00    0.00    0.00    0.00    0.00    0.00    0.00    0.00   13.00
02:03:56      25   88.00    0.00    0.00    0.00    0.00    0.00    0.00    0.00   12.00
02:03:56      26   85.00    0.00    0.00    0.00    0.00    0.00    0.00    0.00   15.00
02:03:56      27   87.00    0.00    0.00    0.00    0.00    0.00    0.00    0.00   13.00
02:03:56      28   86.00    0.00    0.00    0.00    0.00    0.00    0.00    0.00   14.00
02:03:56      29   85.00    0.00    0.00    0.00    0.00    0.00    0.00    0.00   15.00
02:03:56      30   84.00    0.00    0.00    0.00    0.00    0.00    0.00    0.00   16.00
02:03:56      31   75.00    0.00    0.00    0.00    0.00    0.00    0.00    0.00   25.00

02:03:56     CPU    %usr   %nice    %sys %iowait    %irq   %soft  %steal  %guest   %idle
02:03:57     all   82.11    0.00    0.06    0.00    0.00    0.00    0.00    0.00   17.83
02:03:57       0   84.00    0.00    1.00    0.00    0.00    0.00    0.00    0.00   15.00
02:03:57       1   83.84    0.00    0.00    0.00    0.00    0.00    0.00    0.00   16.16
02:03:57       2   82.00    0.00    0.00    0.00    0.00    0.00    0.00    0.00   18.00
02:03:57       3   78.79    0.00    0.00    0.00    0.00    0.00    0.00    0.00   21.21
02:03:57       4   82.18    0.00    0.00    0.00    0.00    0.00    0.00    0.00   17.82
02:03:57       5   76.77    0.00    0.00    0.00    0.00    0.00    0.00    0.00   23.23
02:03:57       6   82.00    0.00    0.00    0.00    0.00    0.00    0.00    0.00   18.00
02:03:57       7   84.16    0.00    0.00    0.00    0.00    0.00    0.00    0.00   15.84
02:03:57       8   87.00    0.00    0.00    0.00    0.00    0.00    0.00    0.00   13.00
02:03:57       9   85.15    0.00    0.00    0.00    0.00    0.00    0.00    0.00   14.85
02:03:57      10   84.00    0.00    0.00    0.00    0.00    0.00    0.00    0.00   16.00
02:03:57      11   85.00    0.00    0.00    0.00    0.00    0.00    0.00    0.00   15.00
02:03:57      12   89.00    0.00    0.00    0.00    0.00    0.00    0.00    0.00   11.00
02:03:57      13   82.18    0.00    0.00    0.00    0.00    0.00    0.00    0.00   17.82
02:03:57      14   79.00    0.00    0.00    0.00    0.00    0.00    0.00    0.00   21.00
02:03:57      15   86.87    0.00    0.00    0.00    0.00    0.00    0.00    0.00   13.13
02:03:57      16   80.81    0.00    0.00    0.00    0.00    0.00    0.00    0.00   19.19
02:03:57      17   80.00    0.00    0.00    0.00    0.00    0.00    0.00    0.00   20.00
02:03:57      18   79.00    0.00    0.00    0.00    0.00    0.00    0.00    0.00   21.00
02:03:57      19   80.20    0.00    0.99    0.00    0.00    0.00    0.00    0.00   18.81
02:03:57      20   84.31    0.00    0.98    0.00    0.00    0.00    0.00    0.00   14.71
02:03:57      21   80.81    0.00    0.00    0.00    0.00    0.00    0.00    0.00   19.19
02:03:57      22   84.00    0.00    0.00    0.00    0.00    0.00    0.00    0.00   16.00
02:03:57      23   80.00    0.00    0.00    0.00    0.00    0.00    0.00    0.00   20.00
02:03:57      24   85.00    0.00    0.00    0.00    0.00    0.00    0.00    0.00   15.00
02:03:57      25   81.00    0.00    0.00    0.00    0.00    0.00    0.00    0.00   19.00
02:03:57      26   79.00    0.00    0.00    0.00    0.00    0.00    0.00    0.00   21.00
02:03:57      27   78.00    0.00    0.00    0.00    0.00    0.00    0.00    0.00   22.00
02:03:57      28   79.00    0.00    0.00    0.00    0.00    0.00    0.00    0.00   21.00
02:03:57      29   77.00    0.00    0.00    0.00    0.00    0.00    0.00    0.00   23.00
02:03:57      30   80.20    0.00    0.99    0.00    0.00    0.00    0.00    0.00   18.81
02:03:57      31   83.00    0.00    0.00    0.00    0.00    0.00    0.00    0.00   17.00

02:03:57     CPU    %usr   %nice    %sys %iowait    %irq   %soft  %steal  %guest   %idle
02:03:58     all   81.38    0.00    0.12    0.00    0.00    0.00    0.00    0.00   18.50
02:03:58       0   84.00    0.00    0.00    0.00    0.00    0.00    0.00    0.00   16.00
02:03:58       1   81.00    0.00    0.00    0.00    0.00    0.00    0.00    0.00   19.00
02:03:58       2   84.85    0.00    0.00    0.00    0.00    0.00    0.00    0.00   15.15
02:03:58       3   80.00    0.00    0.00    0.00    0.00    0.00    0.00    0.00   20.00
02:03:58       4   70.71    0.00    0.00    0.00    0.00    0.00    0.00    0.00   29.29
02:03:58       5   79.00    0.00    0.00    0.00    0.00    0.00    0.00    0.00   21.00
02:03:58       6   76.77    0.00    0.00    0.00    0.00    0.00    0.00    0.00   23.23
02:03:58       7   79.00    0.00    0.00    0.00    0.00    0.00    0.00    0.00   21.00
02:03:58       8   90.00    0.00    0.00    0.00    0.00    0.00    0.00    0.00   10.00
02:03:58       9   89.00    0.00    0.00    0.00    0.00    0.00    0.00    0.00   11.00
02:03:58      10   89.00    0.00    0.00    0.00    0.00    0.00    0.00    0.00   11.00
02:03:58      11   82.18    0.00    0.00    0.00    0.00    0.00    0.00    0.00   17.82
02:03:58      12   87.00    0.00    0.00    0.00    0.00    0.00    0.00    0.00   13.00
02:03:58      13   89.00    0.00    0.00    0.00    0.00    0.00    0.00    0.00   11.00
02:03:58      14   86.00    0.00    0.00    0.00    0.00    0.00    0.00    0.00   14.00
02:03:58      15   85.15    0.00    0.00    0.00    0.00    0.00    0.00    0.00   14.85
02:03:58      16   77.00    0.00    1.00    0.00    0.00    0.00    0.00    0.00   22.00
02:03:58      17   78.00    0.00    0.00    0.00    0.00    0.00    0.00    0.00   22.00
02:03:58      18   76.00    0.00    0.00    0.00    0.00    0.00    0.00    0.00   24.00
02:03:58      19   81.00    0.00    0.00    0.00    0.00    0.00    0.00    0.00   19.00
02:03:58      20   73.00    0.00    0.00    0.00    0.00    0.00    0.00    0.00   27.00
02:03:58      21   74.00    0.00    0.00    0.00    0.00    0.00    0.00    0.00   26.00
02:03:58      22   74.75    0.00    0.00    0.00    0.00    0.00    0.00    0.00   25.25
02:03:58      23   74.00    0.00    0.00    0.00    0.00    0.00    0.00    0.00   26.00
02:03:58      24   82.00    0.00    0.00    0.00    0.00    0.00    0.00    0.00   18.00
02:03:58      25   85.86    0.00    0.00    0.00    0.00    0.00    0.00    0.00   14.14
02:03:58      26   81.82    0.00    0.00    0.00    0.00    0.00    0.00    0.00   18.18
02:03:58      27   82.00    0.00    0.00    0.00    0.00    0.00    0.00    0.00   18.00
02:03:58      28   78.79    0.00    0.00    0.00    0.00    0.00    0.00    0.00   21.21
02:03:58      29   88.89    0.00    0.00    0.00    0.00    0.00    0.00    0.00   11.11
02:03:58      30   87.00    0.00    0.00    0.00    0.00    0.00    0.00    0.00   13.00
02:03:58      31   82.00    0.00    0.00    0.00    0.00    0.00    0.00    0.00   18.00

02:03:58     CPU    %usr   %nice    %sys %iowait    %irq   %soft  %steal  %guest   %idle
02:03:59     all   82.09    0.00    0.09    0.00    0.00    0.00    0.00    0.00   17.82
02:03:59       0   85.86    0.00    1.01    0.00    0.00    0.00    0.00    0.00   13.13
02:03:59       1   82.00    0.00    0.00    0.00    0.00    0.00    0.00    0.00   18.00
02:03:59       2   78.22    0.00    0.00    0.00    0.00    0.00    0.00    0.00   21.78
02:03:59       3   76.00    0.00    0.00    0.00    0.00    0.00    0.00    0.00   24.00
02:03:59       4   80.00    0.00    0.00    0.00    0.00    0.00    0.00    0.00   20.00
02:03:59       5   83.00    0.00    0.00    0.00    0.00    0.00    0.00    0.00   17.00
02:03:59       6   84.00    0.00    0.00    0.00    0.00    0.00    0.00    0.00   16.00
02:03:59       7   78.00    0.00    0.00    0.00    0.00    0.00    0.00    0.00   22.00
02:03:59       8   80.00    0.00    0.00    0.00    0.00    0.00    0.00    0.00   20.00
02:03:59       9   80.81    0.00    0.00    0.00    0.00    0.00    0.00    0.00   19.19
02:03:59      10   84.00    0.00    0.00    0.00    0.00    0.00    0.00    0.00   16.00
02:03:59      11   86.87    0.00    0.00    0.00    0.00    0.00    0.00    0.00   13.13
02:03:59      12   87.00    0.00    0.00    0.00    0.00    0.00    0.00    0.00   13.00
02:03:59      13   86.87    0.00    0.00    0.00    0.00    0.00    0.00    0.00   13.13
02:03:59      14   83.17    0.00    0.00    0.00    0.00    0.00    0.00    0.00   16.83
02:03:59      15   75.00    0.00    0.00    0.00    0.00    0.00    0.00    0.00   25.00
02:03:59      16   84.16    0.00    0.99    0.00    0.00    0.00    0.00    0.00   14.85
02:03:59      17   82.00    0.00    0.00    0.00    0.00    0.00    0.00    0.00   18.00
02:03:59      18   84.69    0.00    0.00    0.00    0.00    0.00    0.00    0.00   15.31
02:03:59      19   83.00    0.00    0.00    0.00    0.00    0.00    0.00    0.00   17.00
02:03:59      20   80.00    0.00    0.00    0.00    0.00    0.00    0.00    0.00   20.00
02:03:59      21   80.00    0.00    0.00    0.00    0.00    0.00    0.00    0.00   20.00
02:03:59      22   79.00    0.00    0.00    0.00    0.00    0.00    0.00    0.00   21.00
02:03:59      23   72.00    0.00    0.00    0.00    0.00    0.00    0.00    0.00   28.00
02:03:59      24   86.00    0.00    0.00    0.00    0.00    0.00    0.00    0.00   14.00
02:03:59      25   81.00    0.00    0.00    0.00    0.00    0.00    0.00    0.00   19.00
02:03:59      26   80.20    0.00    0.00    0.00    0.00    0.00    0.00    0.00   19.80
02:03:59      27   85.15    0.00    0.99    0.00    0.00    0.00    0.00    0.00   13.86
02:03:59      28   87.00    0.00    0.00    0.00    0.00    0.00    0.00    0.00   13.00
02:03:59      29   87.00    0.00    0.00    0.00    0.00    0.00    0.00    0.00   13.00
02:03:59      30   77.00    0.00    0.00    0.00    0.00    0.00    0.00    0.00   23.00
02:03:59      31   88.00    0.00    0.00    0.00    0.00    0.00    0.00    0.00   12.00

02:03:59     CPU    %usr   %nice    %sys %iowait    %irq   %soft  %steal  %guest   %idle
02:04:00     all   84.23    0.00    0.09    0.00    0.00    0.00    0.00    0.00   15.68
02:04:00       0   83.84    0.00    0.00    0.00    0.00    0.00    0.00    0.00   16.16
02:04:00       1   78.22    0.00    0.00    0.00    0.00    0.00    0.00    0.00   21.78
02:04:00       2   81.00    0.00    1.00    0.00    0.00    0.00    0.00    0.00   18.00
02:04:00       3   78.79    0.00    0.00    0.00    0.00    0.00    0.00    0.00   21.21
02:04:00       4   87.00    0.00    0.00    0.00    0.00    0.00    0.00    0.00   13.00
02:04:00       5   83.00    0.00    0.00    0.00    0.00    0.00    0.00    0.00   17.00
02:04:00       6   84.00    0.00    0.00    0.00    0.00    0.00    0.00    0.00   16.00
02:04:00       7   81.00    0.00    0.00    0.00    0.00    0.00    0.00    0.00   19.00
02:04:00       8   88.00    0.00    0.00    0.00    0.00    0.00    0.00    0.00   12.00
02:04:00       9   86.00    0.00    0.00    0.00    0.00    0.00    0.00    0.00   14.00
02:04:00      10   89.00    0.00    0.00    0.00    0.00    0.00    0.00    0.00   11.00
02:04:00      11   86.87    0.00    0.00    0.00    0.00    0.00    0.00    0.00   13.13
02:04:00      12   86.87    0.00    0.00    0.00    0.00    0.00    0.00    0.00   13.13
02:04:00      13   79.21    0.00    0.00    0.00    0.00    0.00    0.00    0.00   20.79
02:04:00      14   89.00    0.00    0.00    0.00    0.00    0.00    0.00    0.00   11.00
02:04:00      15   85.86    0.00    0.00    0.00    0.00    0.00    0.00    0.00   14.14
02:04:00      16   82.83    0.00    0.00    0.00    0.00    0.00    0.00    0.00   17.17
02:04:00      17   83.84    0.00    0.00    0.00    0.00    0.00    0.00    0.00   16.16
02:04:00      18   86.14    0.00    0.00    0.00    0.00    0.00    0.00    0.00   13.86
02:04:00      19   86.87    0.00    0.00    0.00    0.00    0.00    0.00    0.00   13.13
02:04:00      20   76.00    0.00    0.00    0.00    0.00    0.00    0.00    0.00   24.00
02:04:00      21   83.84    0.00    0.00    0.00    0.00    0.00    0.00    0.00   16.16
02:04:00      22   83.00    0.00    0.00    0.00    0.00    0.00    0.00    0.00   17.00
02:04:00      23   84.85    0.00    1.01    0.00    0.00    0.00    0.00    0.00   14.14
02:04:00      24   90.00    0.00    0.00    0.00    0.00    0.00    0.00    0.00   10.00
02:04:00      25   86.00    0.00    0.00    0.00    0.00    0.00    0.00    0.00   14.00
02:04:00      26   86.00    0.00    0.00    0.00    0.00    0.00    0.00    0.00   14.00
02:04:00      27   86.00    0.00    0.00    0.00    0.00    0.00    0.00    0.00   14.00
02:04:00      28   87.00    0.00    0.00    0.00    0.00    0.00    0.00    0.00   13.00
02:04:00      29   72.00    0.00    0.00    0.00    0.00    0.00    0.00    0.00   28.00
02:04:00      30   82.00    0.00    0.00    0.00    0.00    0.00    0.00    0.00   18.00
02:04:00      31   91.00    0.00    0.00    0.00    0.00    0.00    0.00    0.00    9.00

02:04:00     CPU    %usr   %nice    %sys %iowait    %irq   %soft  %steal  %guest   %idle
02:04:01     all   83.02    0.00    0.09    0.00    0.00    0.00    0.00    0.00   16.89
02:04:01       0   86.87    0.00    0.00    0.00    0.00    0.00    0.00    0.00   13.13
02:04:01       1   84.69    0.00    0.00    0.00    0.00    0.00    0.00    0.00   15.31
02:04:01       2   85.00    0.00    0.00    0.00    0.00    0.00    0.00    0.00   15.00
02:04:01       3   82.00    0.00    0.00    0.00    0.00    0.00    0.00    0.00   18.00
02:04:01       4   85.00    0.00    0.00    0.00    0.00    0.00    0.00    0.00   15.00
02:04:01       5   80.81    0.00    0.00    0.00    0.00    0.00    0.00    0.00   19.19
02:04:01       6   85.86    0.00    0.00    0.00    0.00    0.00    0.00    0.00   14.14
02:04:01       7   81.82    0.00    0.00    0.00    0.00    0.00    0.00    0.00   18.18
02:04:01       8   87.00    0.00    0.00    0.00    0.00    0.00    0.00    0.00   13.00
02:04:01       9   85.00    0.00    0.00    0.00    0.00    0.00    0.00    0.00   15.00
02:04:01      10   82.00    0.00    0.00    0.00    0.00    0.00    0.00    0.00   18.00
02:04:01      11   85.15    0.00    0.00    0.00    0.00    0.00    0.00    0.00   14.85
02:04:01      12   81.19    0.00    0.00    0.00    0.00    0.00    0.00    0.00   18.81
02:04:01      13   89.00    0.00    0.00    0.00    0.00    0.00    0.00    0.00   11.00
02:04:01      14   82.83    0.00    0.00    0.00    0.00    0.00    0.00    0.00   17.17
02:04:01      15   86.14    0.00    0.00    0.00    0.00    0.00    0.00    0.00   13.86
02:04:01      16   71.72    0.00    0.00    0.00    0.00    0.00    0.00    0.00   28.28
02:04:01      17   86.00    0.00    0.00    0.00    0.00    0.00    0.00    0.00   14.00
02:04:01      18   86.87    0.00    0.00    0.00    0.00    0.00    0.00    0.00   13.13
02:04:01      19   79.80    0.00    0.00    0.00    0.00    0.00    0.00    0.00   20.20
02:04:01      20   77.78    0.00    0.00    0.00    0.00    0.00    0.00    0.00   22.22
02:04:01      21   81.00    0.00    0.00    0.00    0.00    0.00    0.00    0.00   19.00
02:04:01      22   76.24    0.00    0.99    0.00    0.00    0.00    0.00    0.00   22.77
02:04:01      23   81.19    0.00    0.99    0.00    0.00    0.00    0.00    0.00   17.82
02:04:01      24   89.90    0.00    0.00    0.00    0.00    0.00    0.00    0.00   10.10
02:04:01      25   82.83    0.00    0.00    0.00    0.00    0.00    0.00    0.00   17.17
02:04:01      26   77.78    0.00    0.00    0.00    0.00    0.00    0.00    0.00   22.22
02:04:01      27   90.91    0.00    0.00    0.00    0.00    0.00    0.00    0.00    9.09
02:04:01      28   88.00    0.00    0.00    0.00    0.00    0.00    0.00    0.00   12.00
02:04:01      29   78.00    0.00    0.00    0.00    0.00    0.00    0.00    0.00   22.00
02:04:01      30   79.00    0.00    0.00    0.00    0.00    0.00    0.00    0.00   21.00
02:04:01      31   83.00    0.00    0.00    0.00    0.00    0.00    0.00    0.00   17.00

02:04:01     CPU    %usr   %nice    %sys %iowait    %irq   %soft  %steal  %guest   %idle
02:04:02     all   83.57    0.00    0.13    0.00    0.00    0.00    0.00    0.00   16.30
02:04:02       0   87.88    0.00    0.00    0.00    0.00    0.00    0.00    0.00   12.12
02:04:02       1   85.00    0.00    0.00    0.00    0.00    0.00    0.00    0.00   15.00
02:04:02       2   85.86    0.00    0.00    0.00    0.00    0.00    0.00    0.00   14.14
02:04:02       3   89.11    0.00    0.00    0.00    0.00    0.00    0.00    0.00   10.89
02:04:02       4   85.86    0.00    1.01    0.00    0.00    0.00    0.00    0.00   13.13
02:04:02       5   80.00    0.00    0.00    0.00    0.00    0.00    0.00    0.00   20.00
02:04:02       6   85.00    0.00    0.00    0.00    0.00    0.00    0.00    0.00   15.00
02:04:02       7   85.15    0.00    0.00    0.00    0.00    0.00    0.00    0.00   14.85
02:04:02       8   82.18    0.00    0.00    0.00    0.00    0.00    0.00    0.00   17.82
02:04:02       9   89.00    0.00    0.00    0.00    0.00    0.00    0.00    0.00   11.00
02:04:02      10   83.00    0.00    0.00    0.00    0.00    0.00    0.00    0.00   17.00
02:04:02      11   83.00    0.00    0.00    0.00    0.00    0.00    0.00    0.00   17.00
02:04:02      12   82.00    0.00    0.00    0.00    0.00    0.00    0.00    0.00   18.00
02:04:02      13   77.78    0.00    0.00    0.00    0.00    0.00    0.00    0.00   22.22
02:04:02      14   87.00    0.00    0.00    0.00    0.00    0.00    0.00    0.00   13.00
02:04:02      15   86.00    0.00    0.00    0.00    0.00    0.00    0.00    0.00   14.00
02:04:02      16   74.26    0.00    0.00    0.00    0.00    0.00    0.00    0.00   25.74
02:04:02      17   85.00    0.00    0.00    0.00    0.00    0.00    0.00    0.00   15.00
02:04:02      18   83.17    0.00    0.99    0.00    0.00    0.00    0.00    0.00   15.84
02:04:02      19   88.00    0.00    1.00    0.00    0.00    0.00    0.00    0.00   11.00
02:04:02      20   79.21    0.00    0.00    0.00    0.00    0.00    0.00    0.00   20.79
02:04:02      21   85.00    0.00    0.00    0.00    0.00    0.00    0.00    0.00   15.00
02:04:02      22   86.87    0.00    0.00    0.00    0.00    0.00    0.00    0.00   13.13
02:04:02      23   80.00    0.00    0.00    0.00    0.00    0.00    0.00    0.00   20.00
02:04:02      24   81.00    0.00    0.00    0.00    0.00    0.00    0.00    0.00   19.00
02:04:02      25   81.19    0.00    0.99    0.00    0.00    0.00    0.00    0.00   17.82
02:04:02      26   76.00    0.00    0.00    0.00    0.00    0.00    0.00    0.00   24.00
02:04:02      27   79.80    0.00    0.00    0.00    0.00    0.00    0.00    0.00   20.20
02:04:02      28   86.00    0.00    0.00    0.00    0.00    0.00    0.00    0.00   14.00
02:04:02      29   84.85    0.00    0.00    0.00    0.00    0.00    0.00    0.00   15.15
02:04:02      30   80.81    0.00    0.00    0.00    0.00    0.00    0.00    0.00   19.19
02:04:02      31   88.00    0.00    0.00    0.00    0.00    0.00    0.00    0.00   12.00

02:04:02     CPU    %usr   %nice    %sys %iowait    %irq   %soft  %steal  %guest   %idle
02:04:03     all   83.03    0.00    0.09    0.00    0.00    0.00    0.00    0.00   16.88
02:04:03       0   89.00    0.00    0.00    0.00    0.00    0.00    0.00    0.00   11.00
02:04:03       1   84.16    0.00    0.99    0.00    0.00    0.00    0.00    0.00   14.85
02:04:03       2   86.00    0.00    0.00    0.00    0.00    0.00    0.00    0.00   14.00
02:04:03       3   88.00    0.00    1.00    0.00    0.00    0.00    0.00    0.00   11.00
02:04:03       4   83.17    0.00    0.00    0.00    0.00    0.00    0.00    0.00   16.83
02:04:03       5   83.17    0.00    0.00    0.00    0.00    0.00    0.00    0.00   16.83
02:04:03       6   82.00    0.00    0.00    0.00    0.00    0.00    0.00    0.00   18.00
02:04:03       7   88.89    0.00    0.00    0.00    0.00    0.00    0.00    0.00   11.11
02:04:03       8   89.90    0.00    0.00    0.00    0.00    0.00    0.00    0.00   10.10
02:04:03       9   84.16    0.00    0.00    0.00    0.00    0.00    0.00    0.00   15.84
02:04:03      10   81.19    0.00    0.00    0.00    0.00    0.00    0.00    0.00   18.81
02:04:03      11   85.86    0.00    0.00    0.00    0.00    0.00    0.00    0.00   14.14
02:04:03      12   87.00    0.00    0.00    0.00    0.00    0.00    0.00    0.00   13.00
02:04:03      13   81.00    0.00    0.00    0.00    0.00    0.00    0.00    0.00   19.00
02:04:03      14   87.00    0.00    0.00    0.00    0.00    0.00    0.00    0.00   13.00
02:04:03      15   82.00    0.00    0.00    0.00    0.00    0.00    0.00    0.00   18.00
02:04:03      16   82.00    0.00    0.00    0.00    0.00    0.00    0.00    0.00   18.00
02:04:03      17   80.00    0.00    0.00    0.00    0.00    0.00    0.00    0.00   20.00
02:04:03      18   78.00    0.00    0.00    0.00    0.00    0.00    0.00    0.00   22.00
02:04:03      19   84.00    0.00    0.00    0.00    0.00    0.00    0.00    0.00   16.00
02:04:03      20   82.83    0.00    1.01    0.00    0.00    0.00    0.00    0.00   16.16
02:04:03      21   82.18    0.00    0.99    0.00    0.00    0.00    0.00    0.00   16.83
02:04:03      22   84.00    0.00    0.00    0.00    0.00    0.00    0.00    0.00   16.00
02:04:03      23   82.83    0.00    0.00    0.00    0.00    0.00    0.00    0.00   17.17
02:04:03      24   87.00    0.00    0.00    0.00    0.00    0.00    0.00    0.00   13.00
02:04:03      25   77.00    0.00    0.00    0.00    0.00    0.00    0.00    0.00   23.00
02:04:03      26   82.00    0.00    0.00    0.00    0.00    0.00    0.00    0.00   18.00
02:04:03      27   76.24    0.00    0.00    0.00    0.00    0.00    0.00    0.00   23.76
02:04:03      28   78.00    0.00    0.00    0.00    0.00    0.00    0.00    0.00   22.00
02:04:03      29   81.19    0.00    0.00    0.00    0.00    0.00    0.00    0.00   18.81
02:04:03      30   82.18    0.00    0.00    0.00    0.00    0.00    0.00    0.00   17.82
02:04:03      31   75.00    0.00    0.00    0.00    0.00    0.00    0.00    0.00   25.00

02:04:03     CPU    %usr   %nice    %sys %iowait    %irq   %soft  %steal  %guest   %idle
02:04:04     all   81.89    0.00    0.09    0.00    0.00    0.00    0.00    0.00   18.01
02:04:04       0   89.90    0.00    0.00    0.00    0.00    0.00    0.00    0.00   10.10
02:04:04       1   87.13    0.00    0.00    0.00    0.00    0.00    0.00    0.00   12.87
02:04:04       2   82.00    0.00    0.00    0.00    0.00    0.00    0.00    0.00   18.00
02:04:04       3   87.00    0.00    0.00    0.00    0.00    0.00    0.00    0.00   13.00
02:04:04       4   82.18    0.00    0.99    0.00    0.00    0.00    0.00    0.00   16.83
02:04:04       5   82.18    0.00    0.00    0.00    0.00    0.00    0.00    0.00   17.82
02:04:04       6   85.00    0.00    0.00    0.00    0.00    0.00    0.00    0.00   15.00
02:04:04       7   88.00    0.00    1.00    0.00    0.00    0.00    0.00    0.00   11.00
02:04:04       8   79.00    0.00    0.00    0.00    0.00    0.00    0.00    0.00   21.00
02:04:04       9   79.80    0.00    0.00    0.00    0.00    0.00    0.00    0.00   20.20
02:04:04      10   78.79    0.00    0.00    0.00    0.00    0.00    0.00    0.00   21.21
02:04:04      11   76.24    0.00    0.00    0.00    0.00    0.00    0.00    0.00   23.76
02:04:04      12   80.81    0.00    0.00    0.00    0.00    0.00    0.00    0.00   19.19
02:04:04      13   77.00    0.00    0.00    0.00    0.00    0.00    0.00    0.00   23.00
02:04:04      14   75.25    0.00    0.99    0.00    0.00    0.00    0.00    0.00   23.76
02:04:04      15   74.00    0.00    0.00    0.00    0.00    0.00    0.00    0.00   26.00
02:04:04      16   88.00    0.00    0.00    0.00    0.00    0.00    0.00    0.00   12.00
02:04:04      17   81.00    0.00    1.00    0.00    0.00    0.00    0.00    0.00   18.00
02:04:04      18   89.90    0.00    0.00    0.00    0.00    0.00    0.00    0.00   10.10
02:04:04      19   84.85    0.00    0.00    0.00    0.00    0.00    0.00    0.00   15.15
02:04:04      20   84.16    0.00    0.00    0.00    0.00    0.00    0.00    0.00   15.84
02:04:04      21   84.16    0.00    0.00    0.00    0.00    0.00    0.00    0.00   15.84
02:04:04      22   87.88    0.00    0.00    0.00    0.00    0.00    0.00    0.00   12.12
02:04:04      23   91.09    0.00    0.99    0.00    0.00    0.00    0.00    0.00    7.92
02:04:04      24   77.00    0.00    1.00    0.00    0.00    0.00    0.00    0.00   22.00
02:04:04      25   80.00    0.00    0.00    0.00    0.00    0.00    0.00    0.00   20.00
02:04:04      26   79.00    0.00    0.00    0.00    0.00    0.00    0.00    0.00   21.00
02:04:04      27   80.00    0.00    0.00    0.00    0.00    0.00    0.00    0.00   20.00
02:04:04      28   73.74    0.00    0.00    0.00    0.00    0.00    0.00    0.00   26.26
02:04:04      29   79.80    0.00    0.00    0.00    0.00    0.00    0.00    0.00   20.20
02:04:04      30   75.76    0.00    0.00    0.00    0.00    0.00    0.00    0.00   24.24
02:04:04      31   75.76    0.00    0.00    0.00    0.00    0.00    0.00    0.00   24.24

02:04:04     CPU    %usr   %nice    %sys %iowait    %irq   %soft  %steal  %guest   %idle
02:04:05     all   81.18    0.00    0.09    0.00    0.00    0.00    0.00    0.00   18.72
02:04:05       0   90.91    0.00    0.00    0.00    0.00    0.00    0.00    0.00    9.09
02:04:05       1   90.00    0.00    0.00    0.00    0.00    0.00    0.00    0.00   10.00
02:04:05       2   86.00    0.00    0.00    0.00    0.00    0.00    0.00    0.00   14.00
02:04:05       3   80.00    0.00    0.00    0.00    0.00    0.00    0.00    0.00   20.00
02:04:05       4   79.80    0.00    0.00    0.00    0.00    0.00    0.00    0.00   20.20
02:04:05       5   80.00    0.00    0.00    0.00    0.00    0.00    0.00    0.00   20.00
02:04:05       6   84.00    0.00    0.00    0.00    0.00    0.00    0.00    0.00   16.00
02:04:05       7   75.25    0.00    0.00    0.00    0.00    0.00    0.00    0.00   24.75
02:04:05       8   86.00    0.00    0.00    0.00    0.00    0.00    0.00    0.00   14.00
02:04:05       9   82.00    0.00    0.00    0.00    0.00    0.00    0.00    0.00   18.00
02:04:05      10   76.00    0.00    0.00    0.00    0.00    0.00    0.00    0.00   24.00
02:04:05      11   81.82    0.00    0.00    0.00    0.00    0.00    0.00    0.00   18.18
02:04:05      12   80.00    0.00    0.00    0.00    0.00    0.00    0.00    0.00   20.00
02:04:05      13   81.82    0.00    0.00    0.00    0.00    0.00    0.00    0.00   18.18
02:04:05      14   75.51    0.00    0.00    0.00    0.00    0.00    0.00    0.00   24.49
02:04:05      15   82.83    0.00    0.00    0.00    0.00    0.00    0.00    0.00   17.17
02:04:05      16   82.83    0.00    0.00    0.00    0.00    0.00    0.00    0.00   17.17
02:04:05      17   81.00    0.00    0.00    0.00    0.00    0.00    0.00    0.00   19.00
02:04:05      18   80.00    0.00    0.00    0.00    0.00    0.00    0.00    0.00   20.00
02:04:05      19   78.22    0.00    0.99    0.00    0.00    0.00    0.00    0.00   20.79
02:04:05      20   76.00    0.00    0.00    0.00    0.00    0.00    0.00    0.00   24.00
02:04:05      21   85.00    0.00    0.00    0.00    0.00    0.00    0.00    0.00   15.00
02:04:05      22   84.00    0.00    0.00    0.00    0.00    0.00    0.00    0.00   16.00
02:04:05      23   80.00    0.00    0.00    0.00    0.00    0.00    0.00    0.00   20.00
02:04:05      24   78.00    0.00    0.00    0.00    0.00    0.00    0.00    0.00   22.00
02:04:05      25   84.85    0.00    0.00    0.00    0.00    0.00    0.00    0.00   15.15
02:04:05      26   80.20    0.00    0.99    0.00    0.00    0.00    0.00    0.00   18.81
02:04:05      27   79.80    0.00    0.00    0.00    0.00    0.00    0.00    0.00   20.20
02:04:05      28   81.82    0.00    0.00    0.00    0.00    0.00    0.00    0.00   18.18
02:04:05      29   79.21    0.00    0.00    0.00    0.00    0.00    0.00    0.00   20.79
02:04:05      30   80.20    0.00    0.00    0.00    0.00    0.00    0.00    0.00   19.80
02:04:05      31   77.23    0.00    0.00    0.00    0.00    0.00    0.00    0.00   22.77

02:04:05     CPU    %usr   %nice    %sys %iowait    %irq   %soft  %steal  %guest   %idle
02:04:06     all   77.26    0.00    0.12    0.00    0.00    0.00    0.00    0.00   22.62
02:04:06       0   87.00    0.00    1.00    0.00    0.00    0.00    0.00    0.00   12.00
02:04:06       1   80.81    0.00    0.00    0.00    0.00    0.00    0.00    0.00   19.19
02:04:06       2   86.00    0.00    0.00    0.00    0.00    0.00    0.00    0.00   14.00
02:04:06       3   82.00    0.00    0.00    0.00    0.00    0.00    0.00    0.00   18.00
02:04:06       4   77.00    0.00    0.00    0.00    0.00    0.00    0.00    0.00   23.00
02:04:06       5   79.00    0.00    0.00    0.00    0.00    0.00    0.00    0.00   21.00
02:04:06       6   83.17    0.00    0.99    0.00    0.00    0.00    0.00    0.00   15.84
02:04:06       7   81.00    0.00    0.00    0.00    0.00    0.00    0.00    0.00   19.00
02:04:06       8   82.18    0.00    0.00    0.00    0.00    0.00    0.00    0.00   17.82
02:04:06       9   72.00    0.00    0.00    0.00    0.00    0.00    0.00    0.00   28.00
02:04:06      10   75.76    0.00    0.00    0.00    0.00    0.00    0.00    0.00   24.24
02:04:06      11   71.29    0.00    0.99    0.00    0.00    0.00    0.00    0.00   27.72
02:04:06      12   71.72    0.00    0.00    0.00    0.00    0.00    0.00    0.00   28.28
02:04:06      13   74.26    0.00    0.00    0.00    0.00    0.00    0.00    0.00   25.74
02:04:06      14   69.31    0.00    0.00    0.00    0.00    0.00    0.00    0.00   30.69
02:04:06      15   70.00    0.00    0.00    0.00    0.00    0.00    0.00    0.00   30.00
02:04:06      16   83.17    0.00    0.00    0.00    0.00    0.00    0.00    0.00   16.83
02:04:06      17   81.00    0.00    0.00    0.00    0.00    0.00    0.00    0.00   19.00
02:04:06      18   81.82    0.00    0.00    0.00    0.00    0.00    0.00    0.00   18.18
02:04:06      19   81.82    0.00    1.01    0.00    0.00    0.00    0.00    0.00   17.17
02:04:06      20   83.00    0.00    0.00    0.00    0.00    0.00    0.00    0.00   17.00
02:04:06      21   83.84    0.00    0.00    0.00    0.00    0.00    0.00    0.00   16.16
02:04:06      22   79.00    0.00    0.00    0.00    0.00    0.00    0.00    0.00   21.00
02:04:06      23   82.83    0.00    0.00    0.00    0.00    0.00    0.00    0.00   17.17
02:04:06      24   78.00    0.00    0.00    0.00    0.00    0.00    0.00    0.00   22.00
02:04:06      25   67.00    0.00    0.00    0.00    0.00    0.00    0.00    0.00   33.00
02:04:06      26   71.00    0.00    0.00    0.00    0.00    0.00    0.00    0.00   29.00
02:04:06      27   70.00    0.00    0.00    0.00    0.00    0.00    0.00    0.00   30.00
02:04:06      28   76.24    0.00    0.99    0.00    0.00    0.00    0.00    0.00   22.77
02:04:06      29   70.71    0.00    0.00    0.00    0.00    0.00    0.00    0.00   29.29
02:04:06      30   62.00    0.00    0.00    0.00    0.00    0.00    0.00    0.00   38.00
02:04:06      31   76.00    0.00    0.00    0.00    0.00    0.00    0.00    0.00   24.00

02:04:06     CPU    %usr   %nice    %sys %iowait    %irq   %soft  %steal  %guest   %idle
02:04:07     all   81.61    0.00    0.06    0.00    0.00    0.00    0.00    0.00   18.33
02:04:07       0   86.00    0.00    0.00    0.00    0.00    0.00    0.00    0.00   14.00
02:04:07       1   81.19    0.00    0.00    0.00    0.00    0.00    0.00    0.00   18.81
02:04:07       2   75.00    0.00    0.00    0.00    0.00    0.00    0.00    0.00   25.00
02:04:07       3   86.87    0.00    0.00    0.00    0.00    0.00    0.00    0.00   13.13
02:04:07       4   77.00    0.00    0.00    0.00    0.00    0.00    0.00    0.00   23.00
02:04:07       5   79.00    0.00    1.00    0.00    0.00    0.00    0.00    0.00   20.00
02:04:07       6   69.00    0.00    0.00    0.00    0.00    0.00    0.00    0.00   31.00
02:04:07       7   77.78    0.00    0.00    0.00    0.00    0.00    0.00    0.00   22.22
02:04:07       8   88.00    0.00    0.00    0.00    0.00    0.00    0.00    0.00   12.00
02:04:07       9   89.11    0.00    0.00    0.00    0.00    0.00    0.00    0.00   10.89
02:04:07      10   81.19    0.00    0.00    0.00    0.00    0.00    0.00    0.00   18.81
02:04:07      11   84.16    0.00    0.00    0.00    0.00    0.00    0.00    0.00   15.84
02:04:07      12   82.18    0.00    0.00    0.00    0.00    0.00    0.00    0.00   17.82
02:04:07      13   87.00    0.00    0.00    0.00    0.00    0.00    0.00    0.00   13.00
02:04:07      14   86.00    0.00    0.00    0.00    0.00    0.00    0.00    0.00   14.00
02:04:07      15   79.00    0.00    0.00    0.00    0.00    0.00    0.00    0.00   21.00
02:04:07      16   81.00    0.00    0.00    0.00    0.00    0.00    0.00    0.00   19.00
02:04:07      17   75.00    0.00    0.00    0.00    0.00    0.00    0.00    0.00   25.00
02:04:07      18   75.25    0.00    0.00    0.00    0.00    0.00    0.00    0.00   24.75
02:04:07      19   73.00    0.00    0.00    0.00    0.00    0.00    0.00    0.00   27.00
02:04:07      20   84.85    0.00    0.00    0.00    0.00    0.00    0.00    0.00   15.15
02:04:07      21   75.00    0.00    1.00    0.00    0.00    0.00    0.00    0.00   24.00
02:04:07      22   80.81    0.00    0.00    0.00    0.00    0.00    0.00    0.00   19.19
02:04:07      23   74.00    0.00    0.00    0.00    0.00    0.00    0.00    0.00   26.00
02:04:07      24   86.00    0.00    0.00    0.00    0.00    0.00    0.00    0.00   14.00
02:04:07      25   85.15    0.00    0.00    0.00    0.00    0.00    0.00    0.00   14.85
02:04:07      26   85.86    0.00    0.00    0.00    0.00    0.00    0.00    0.00   14.14
02:04:07      27   89.90    0.00    0.00    0.00    0.00    0.00    0.00    0.00   10.10
02:04:07      28   85.00    0.00    0.00    0.00    0.00    0.00    0.00    0.00   15.00
02:04:07      29   84.16    0.00    0.00    0.00    0.00    0.00    0.00    0.00   15.84
02:04:07      30   90.91    0.00    0.00    0.00    0.00    0.00    0.00    0.00    9.09
02:04:07      31   79.00    0.00    0.00    0.00    0.00    0.00    0.00    0.00   21.00

02:04:07     CPU    %usr   %nice    %sys %iowait    %irq   %soft  %steal  %guest   %idle
02:04:08     all   79.43    0.00    0.09    0.00    0.00    0.00    0.00    0.00   20.48
02:04:08       0   82.83    0.00    0.00    0.00    0.00    0.00    0.00    0.00   17.17
02:04:08       1   71.00    0.00    0.00    0.00    0.00    0.00    0.00    0.00   29.00
02:04:08       2   75.00    0.00    0.00    0.00    0.00    0.00    0.00    0.00   25.00
02:04:08       3   73.00    0.00    0.00    0.00    0.00    0.00    0.00    0.00   27.00
02:04:08       4   68.00    0.00    0.00    0.00    0.00    0.00    0.00    0.00   32.00
02:04:08       5   66.34    0.00    0.00    0.00    0.00    0.00    0.00    0.00   33.66
02:04:08       6   67.68    0.00    0.00    0.00    0.00    0.00    0.00    0.00   32.32
02:04:08       7   70.00    0.00    0.00    0.00    0.00    0.00    0.00    0.00   30.00
02:04:08       8   89.90    0.00    0.00    0.00    0.00    0.00    0.00    0.00   10.10
02:04:08       9   88.00    0.00    0.00    0.00    0.00    0.00    0.00    0.00   12.00
02:04:08      10   90.91    0.00    0.00    0.00    0.00    0.00    0.00    0.00    9.09
02:04:08      11   83.84    0.00    0.00    0.00    0.00    0.00    0.00    0.00   16.16
02:04:08      12   84.00    0.00    0.00    0.00    0.00    0.00    0.00    0.00   16.00
02:04:08      13   90.91    0.00    0.00    0.00    0.00    0.00    0.00    0.00    9.09
02:04:08      14   87.88    0.00    0.00    0.00    0.00    0.00    0.00    0.00   12.12
02:04:08      15   85.86    0.00    0.00    0.00    0.00    0.00    0.00    0.00   14.14
02:04:08      16   73.00    0.00    0.00    0.00    0.00    0.00    0.00    0.00   27.00
02:04:08      17   68.00    0.00    0.00    0.00    0.00    0.00    0.00    0.00   32.00
02:04:08      18   74.00    0.00    1.00    0.00    0.00    0.00    0.00    0.00   25.00
02:04:08      19   72.00    0.00    0.00    0.00    0.00    0.00    0.00    0.00   28.00
02:04:08      20   70.00    0.00    0.00    0.00    0.00    0.00    0.00    0.00   30.00
02:04:08      21   74.00    0.00    0.00    0.00    0.00    0.00    0.00    0.00   26.00
02:04:08      22   72.28    0.00    0.00    0.00    0.00    0.00    0.00    0.00   27.72
02:04:08      23   64.00    0.00    0.00    0.00    0.00    0.00    0.00    0.00   36.00
02:04:08      24   88.00    0.00    0.00    0.00    0.00    0.00    0.00    0.00   12.00
02:04:08      25   85.86    0.00    0.00    0.00    0.00    0.00    0.00    0.00   14.14
02:04:08      26   88.00    0.00    0.00    0.00    0.00    0.00    0.00    0.00   12.00
02:04:08      27   89.00    0.00    0.00    0.00    0.00    0.00    0.00    0.00   11.00
02:04:08      28   88.12    0.00    0.00    0.00    0.00    0.00    0.00    0.00   11.88
02:04:08      29   91.00    0.00    0.00    0.00    0.00    0.00    0.00    0.00    9.00
02:04:08      30   82.00    0.00    0.00    0.00    0.00    0.00    0.00    0.00   18.00
02:04:08      31   90.10    0.00    0.00    0.00    0.00    0.00    0.00    0.00    9.90

02:04:08     CPU    %usr   %nice    %sys %iowait    %irq   %soft  %steal  %guest   %idle
02:04:09     all   82.61    0.00    0.09    0.00    0.00    0.00    0.00    0.00   17.30
02:04:09       0   88.89    0.00    0.00    0.00    0.00    0.00    0.00    0.00   11.11
02:04:09       1   83.84    0.00    0.00    0.00    0.00    0.00    0.00    0.00   16.16
02:04:09       2   84.85    0.00    0.00    0.00    0.00    0.00    0.00    0.00   15.15
02:04:09       3   77.23    0.00    0.99    0.00    0.00    0.00    0.00    0.00   21.78
02:04:09       4   80.81    0.00    0.00    0.00    0.00    0.00    0.00    0.00   19.19
02:04:09       5   82.83    0.00    0.00    0.00    0.00    0.00    0.00    0.00   17.17
02:04:09       6   78.22    0.00    0.00    0.00    0.00    0.00    0.00    0.00   21.78
02:04:09       7   83.00    0.00    0.00    0.00    0.00    0.00    0.00    0.00   17.00
02:04:09       8   84.00    0.00    0.00    0.00    0.00    0.00    0.00    0.00   16.00
02:04:09       9   88.00    0.00    0.00    0.00    0.00    0.00    0.00    0.00   12.00
02:04:09      10   90.00    0.00    0.00    0.00    0.00    0.00    0.00    0.00   10.00
02:04:09      11   79.21    0.00    0.00    0.00    0.00    0.00    0.00    0.00   20.79
02:04:09      12   85.00    0.00    0.00    0.00    0.00    0.00    0.00    0.00   15.00
02:04:09      13   82.18    0.00    0.00    0.00    0.00    0.00    0.00    0.00   17.82
02:04:09      14   78.22    0.00    0.00    0.00    0.00    0.00    0.00    0.00   21.78
02:04:09      15   84.00    0.00    0.00    0.00    0.00    0.00    0.00    0.00   16.00
02:04:09      16   80.81    0.00    0.00    0.00    0.00    0.00    0.00    0.00   19.19
02:04:09      17   80.00    0.00    0.00    0.00    0.00    0.00    0.00    0.00   20.00
02:04:09      18   83.17    0.00    0.00    0.00    0.00    0.00    0.00    0.00   16.83
02:04:09      19   86.00    0.00    0.00    0.00    0.00    0.00    0.00    0.00   14.00
02:04:09      20   74.00    0.00    0.00    0.00    0.00    0.00    0.00    0.00   26.00
02:04:09      21   87.00    0.00    0.00    0.00    0.00    0.00    0.00    0.00   13.00
02:04:09      22   82.00    0.00    0.00    0.00    0.00    0.00    0.00    0.00   18.00
02:04:09      23   81.82    0.00    0.00    0.00    0.00    0.00    0.00    0.00   18.18
02:04:09      24   85.00    0.00    0.00    0.00    0.00    0.00    0.00    0.00   15.00
02:04:09      25   89.00    0.00    0.00    0.00    0.00    0.00    0.00    0.00   11.00
02:04:09      26   81.00    0.00    0.00    0.00    0.00    0.00    0.00    0.00   19.00
02:04:09      27   84.16    0.00    0.00    0.00    0.00    0.00    0.00    0.00   15.84
02:04:09      28   83.84    0.00    0.00    0.00    0.00    0.00    0.00    0.00   16.16
02:04:09      29   81.00    0.00    0.00    0.00    0.00    0.00    0.00    0.00   19.00
02:04:09      30   79.00    0.00    0.00    0.00    0.00    0.00    0.00    0.00   21.00
02:04:09      31   74.75    0.00    0.00    0.00    0.00    0.00    0.00    0.00   25.25

02:04:09     CPU    %usr   %nice    %sys %iowait    %irq   %soft  %steal  %guest   %idle
02:04:10     all   83.84    0.00    0.09    0.00    0.00    0.00    0.00    0.00   16.07
02:04:10       0   92.93    0.00    0.00    0.00    0.00    0.00    0.00    0.00    7.07
02:04:10       1   85.00    0.00    0.00    0.00    0.00    0.00    0.00    0.00   15.00
02:04:10       2   79.00    0.00    0.00    0.00    0.00    0.00    0.00    0.00   21.00
02:04:10       3   79.00    0.00    0.00    0.00    0.00    0.00    0.00    0.00   21.00
02:04:10       4   80.00    0.00    0.00    0.00    0.00    0.00    0.00    0.00   20.00
02:04:10       5   84.85    0.00    0.00    0.00    0.00    0.00    0.00    0.00   15.15
02:04:10       6   84.00    0.00    0.00    0.00    0.00    0.00    0.00    0.00   16.00
02:04:10       7   82.83    0.00    0.00    0.00    0.00    0.00    0.00    0.00   17.17
02:04:10       8   85.00    0.00    0.00    0.00    0.00    0.00    0.00    0.00   15.00
02:04:10       9   89.00    0.00    1.00    0.00    0.00    0.00    0.00    0.00   10.00
02:04:10      10   90.00    0.00    0.00    0.00    0.00    0.00    0.00    0.00   10.00
02:04:10      11   77.78    0.00    0.00    0.00    0.00    0.00    0.00    0.00   22.22
02:04:10      12   79.00    0.00    0.00    0.00    0.00    0.00    0.00    0.00   21.00
02:04:10      13   86.87    0.00    0.00    0.00    0.00    0.00    0.00    0.00   13.13
02:04:10      14   90.00    0.00    0.00    0.00    0.00    0.00    0.00    0.00   10.00
02:04:10      15   84.00    0.00    0.00    0.00    0.00    0.00    0.00    0.00   16.00
02:04:10      16   79.00    0.00    0.00    0.00    0.00    0.00    0.00    0.00   21.00
02:04:10      17   78.00    0.00    0.00    0.00    0.00    0.00    0.00    0.00   22.00
02:04:10      18   88.00    0.00    0.00    0.00    0.00    0.00    0.00    0.00   12.00
02:04:10      19   85.00    0.00    0.00    0.00    0.00    0.00    0.00    0.00   15.00
02:04:10      20   81.00    0.00    0.00    0.00    0.00    0.00    0.00    0.00   19.00
02:04:10      21   82.83    0.00    0.00    0.00    0.00    0.00    0.00    0.00   17.17
02:04:10      22   85.00    0.00    1.00    0.00    0.00    0.00    0.00    0.00   14.00
02:04:10      23   84.00    0.00    0.00    0.00    0.00    0.00    0.00    0.00   16.00
02:04:10      24   79.00    0.00    0.00    0.00    0.00    0.00    0.00    0.00   21.00
02:04:10      25   85.00    0.00    0.00    0.00    0.00    0.00    0.00    0.00   15.00
02:04:10      26   90.00    0.00    0.00    0.00    0.00    0.00    0.00    0.00   10.00
02:04:10      27   79.00    0.00    0.00    0.00    0.00    0.00    0.00    0.00   21.00
02:04:10      28   78.00    0.00    0.00    0.00    0.00    0.00    0.00    0.00   22.00
02:04:10      29   87.00    0.00    0.00    0.00    0.00    0.00    0.00    0.00   13.00
02:04:10      30   91.00    0.00    0.00    0.00    0.00    0.00    0.00    0.00    9.00
02:04:10      31   85.15    0.00    0.00    0.00    0.00    0.00    0.00    0.00   14.85

02:04:10     CPU    %usr   %nice    %sys %iowait    %irq   %soft  %steal  %guest   %idle
02:04:11     all   82.89    0.00    0.06    0.00    0.00    0.00    0.00    0.00   17.05
02:04:11       0   91.92    0.00    0.00    0.00    0.00    0.00    0.00    0.00    8.08
02:04:11       1   86.00    0.00    0.00    0.00    0.00    0.00    0.00    0.00   14.00
02:04:11       2   86.00    0.00    0.00    0.00    0.00    0.00    0.00    0.00   14.00
02:04:11       3   83.84    0.00    0.00    0.00    0.00    0.00    0.00    0.00   16.16
02:04:11       4   77.00    0.00    0.00    0.00    0.00    0.00    0.00    0.00   23.00
02:04:11       5   86.14    0.00    0.00    0.00    0.00    0.00    0.00    0.00   13.86
02:04:11       6   83.00    0.00    0.00    0.00    0.00    0.00    0.00    0.00   17.00
02:04:11       7   84.16    0.00    0.00    0.00    0.00    0.00    0.00    0.00   15.84
02:04:11       8   76.00    0.00    0.00    0.00    0.00    0.00    0.00    0.00   24.00
02:04:11       9   89.00    0.00    0.00    0.00    0.00    0.00    0.00    0.00   11.00
02:04:11      10   87.00    0.00    0.00    0.00    0.00    0.00    0.00    0.00   13.00
02:04:11      11   82.83    0.00    0.00    0.00    0.00    0.00    0.00    0.00   17.17
02:04:11      12   78.00    0.00    1.00    0.00    0.00    0.00    0.00    0.00   21.00
02:04:11      13   76.00    0.00    0.00    0.00    0.00    0.00    0.00    0.00   24.00
02:04:11      14   76.77    0.00    0.00    0.00    0.00    0.00    0.00    0.00   23.23
02:04:11      15   85.15    0.00    0.00    0.00    0.00    0.00    0.00    0.00   14.85
02:04:11      16   79.00    0.00    0.00    0.00    0.00    0.00    0.00    0.00   21.00
02:04:11      17   87.00    0.00    0.00    0.00    0.00    0.00    0.00    0.00   13.00
02:04:11      18   84.85    0.00    0.00    0.00    0.00    0.00    0.00    0.00   15.15
02:04:11      19   82.83    0.00    0.00    0.00    0.00    0.00    0.00    0.00   17.17
02:04:11      20   93.00    0.00    0.00    0.00    0.00    0.00    0.00    0.00    7.00
02:04:11      21   82.18    0.00    0.00    0.00    0.00    0.00    0.00    0.00   17.82
02:04:11      22   84.00    0.00    0.00    0.00    0.00    0.00    0.00    0.00   16.00
02:04:11      23   82.00    0.00    0.00    0.00    0.00    0.00    0.00    0.00   18.00
02:04:11      24   76.00    0.00    0.00    0.00    0.00    0.00    0.00    0.00   24.00
02:04:11      25   93.00    0.00    0.00    0.00    0.00    0.00    0.00    0.00    7.00
02:04:11      26   89.00    0.00    0.00    0.00    0.00    0.00    0.00    0.00   11.00
02:04:11      27   72.73    0.00    0.00    0.00    0.00    0.00    0.00    0.00   27.27
02:04:11      28   89.00    0.00    0.00    0.00    0.00    0.00    0.00    0.00   11.00
02:04:11      29   77.78    0.00    0.00    0.00    0.00    0.00    0.00    0.00   22.22
02:04:11      30   74.00    0.00    0.00    0.00    0.00    0.00    0.00    0.00   26.00
02:04:11      31   78.00    0.00    0.00    0.00    0.00    0.00    0.00    0.00   22.00

02:04:11     CPU    %usr   %nice    %sys %iowait    %irq   %soft  %steal  %guest   %idle
02:04:12     all   82.96    0.00    0.16    0.00    0.00    0.00    0.00    0.00   16.89
02:04:12       0   86.00    0.00    0.00    0.00    0.00    0.00    0.00    0.00   14.00
02:04:12       1   83.17    0.00    0.99    0.00    0.00    0.00    0.00    0.00   15.84
02:04:12       2   85.00    0.00    0.00    0.00    0.00    0.00    0.00    0.00   15.00
02:04:12       3   83.17    0.00    0.00    0.00    0.00    0.00    0.00    0.00   16.83
02:04:12       4   83.00    0.00    0.00    0.00    0.00    0.00    0.00    0.00   17.00
02:04:12       5   84.00    0.00    0.00    0.00    0.00    0.00    0.00    0.00   16.00
02:04:12       6   80.00    0.00    1.00    0.00    0.00    0.00    0.00    0.00   19.00
02:04:12       7   84.85    0.00    0.00    0.00    0.00    0.00    0.00    0.00   15.15
02:04:12       8   91.92    0.00    0.00    0.00    0.00    0.00    0.00    0.00    8.08
02:04:12       9   86.00    0.00    0.00    0.00    0.00    0.00    0.00    0.00   14.00
02:04:12      10   84.16    0.00    0.00    0.00    0.00    0.00    0.00    0.00   15.84
02:04:12      11   83.00    0.00    0.00    0.00    0.00    0.00    0.00    0.00   17.00
02:04:12      12   84.00    0.00    0.00    0.00    0.00    0.00    0.00    0.00   16.00
02:04:12      13   88.12    0.00    0.00    0.00    0.00    0.00    0.00    0.00   11.88
02:04:12      14   81.00    0.00    0.00    0.00    0.00    0.00    0.00    0.00   19.00
02:04:12      15   80.81    0.00    0.00    0.00    0.00    0.00    0.00    0.00   19.19
02:04:12      16   83.00    0.00    1.00    0.00    0.00    0.00    0.00    0.00   16.00
02:04:12      17   76.00    0.00    0.00    0.00    0.00    0.00    0.00    0.00   24.00
02:04:12      18   84.00    0.00    0.00    0.00    0.00    0.00    0.00    0.00   16.00
02:04:12      19   80.20    0.00    0.99    0.00    0.00    0.00    0.00    0.00   18.81
02:04:12      20   78.22    0.00    0.99    0.00    0.00    0.00    0.00    0.00   20.79
02:04:12      21   75.76    0.00    0.00    0.00    0.00    0.00    0.00    0.00   24.24
02:04:12      22   84.00    0.00    2.00    0.00    0.00    0.00    0.00    0.00   14.00
02:04:12      23   76.00    0.00    0.00    0.00    0.00    0.00    0.00    0.00   24.00
02:04:12      24   91.92    0.00    0.00    0.00    0.00    0.00    0.00    0.00    8.08
02:04:12      25   79.00    0.00    0.00    0.00    0.00    0.00    0.00    0.00   21.00
02:04:12      26   80.81    0.00    0.00    0.00    0.00    0.00    0.00    0.00   19.19
02:04:12      27   84.00    0.00    0.00    0.00    0.00    0.00    0.00    0.00   16.00
02:04:12      28   79.80    0.00    0.00    0.00    0.00    0.00    0.00    0.00   20.20
02:04:12      29   80.00    0.00    0.00    0.00    0.00    0.00    0.00    0.00   20.00
02:04:12      30   83.00    0.00    0.00    0.00    0.00    0.00    0.00    0.00   17.00
02:04:12      31   86.14    0.00    0.99    0.00    0.00    0.00    0.00    0.00   12.87

02:04:12     CPU    %usr   %nice    %sys %iowait    %irq   %soft  %steal  %guest   %idle
02:04:13     all   83.38    0.00    0.12    0.00    0.00    0.00    0.00    0.00   16.50
02:04:13       0   83.67    0.00    0.00    0.00    0.00    0.00    0.00    0.00   16.33
02:04:13       1   82.00    0.00    0.00    0.00    0.00    0.00    0.00    0.00   18.00
02:04:13       2   85.00    0.00    0.00    0.00    0.00    0.00    0.00    0.00   15.00
02:04:13       3   87.88    0.00    0.00    0.00    0.00    0.00    0.00    0.00   12.12
02:04:13       4   83.00    0.00    0.00    0.00    0.00    0.00    0.00    0.00   17.00
02:04:13       5   81.82    0.00    0.00    0.00    0.00    0.00    0.00    0.00   18.18
02:04:13       6   83.84    0.00    0.00    0.00    0.00    0.00    0.00    0.00   16.16
02:04:13       7   75.00    0.00    0.00    0.00    0.00    0.00    0.00    0.00   25.00
02:04:13       8   90.10    0.00    0.00    0.00    0.00    0.00    0.00    0.00    9.90
02:04:13       9   83.00    0.00    0.00    0.00    0.00    0.00    0.00    0.00   17.00
02:04:13      10   81.00    0.00    1.00    0.00    0.00    0.00    0.00    0.00   18.00
02:04:13      11   79.00    0.00    0.00    0.00    0.00    0.00    0.00    0.00   21.00
02:04:13      12   90.10    0.00    0.00    0.00    0.00    0.00    0.00    0.00    9.90
02:04:13      13   88.89    0.00    0.00    0.00    0.00    0.00    0.00    0.00   11.11
02:04:13      14   83.00    0.00    0.00    0.00    0.00    0.00    0.00    0.00   17.00
02:04:13      15   85.00    0.00    0.00    0.00    0.00    0.00    0.00    0.00   15.00
02:04:13      16   73.00    0.00    1.00    0.00    0.00    0.00    0.00    0.00   26.00
02:04:13      17   79.00    0.00    0.00    0.00    0.00    0.00    0.00    0.00   21.00
02:04:13      18   76.00    0.00    0.00    0.00    0.00    0.00    0.00    0.00   24.00
02:04:13      19   82.18    0.00    0.00    0.00    0.00    0.00    0.00    0.00   17.82
02:04:13      20   84.00    0.00    0.00    0.00    0.00    0.00    0.00    0.00   16.00
02:04:13      21   82.00    0.00    0.00    0.00    0.00    0.00    0.00    0.00   18.00
02:04:13      22   79.00    0.00    0.00    0.00    0.00    0.00    0.00    0.00   21.00
02:04:13      23   82.00    0.00    0.00    0.00    0.00    0.00    0.00    0.00   18.00
02:04:13      24   92.00    0.00    0.00    0.00    0.00    0.00    0.00    0.00    8.00
02:04:13      25   83.00    0.00    0.00    0.00    0.00    0.00    0.00    0.00   17.00
02:04:13      26   80.00    0.00    0.00    0.00    0.00    0.00    0.00    0.00   20.00
02:04:13      27   83.00    0.00    1.00    0.00    0.00    0.00    0.00    0.00   16.00
02:04:13      28   91.09    0.00    0.00    0.00    0.00    0.00    0.00    0.00    8.91
02:04:13      29   85.00    0.00    0.00    0.00    0.00    0.00    0.00    0.00   15.00
02:04:13      30   88.89    0.00    0.00    0.00    0.00    0.00    0.00    0.00   11.11
02:04:13      31   86.00    0.00    0.00    0.00    0.00    0.00    0.00    0.00   14.00

02:04:13     CPU    %usr   %nice    %sys %iowait    %irq   %soft  %steal  %guest   %idle
02:04:14     all   79.53    0.00    0.09    0.00    0.00    0.00    0.00    0.00   20.38
02:04:14       0   91.92    0.00    0.00    0.00    0.00    0.00    0.00    0.00    8.08
02:04:14       1   84.00    0.00    0.00    0.00    0.00    0.00    0.00    0.00   16.00
02:04:14       2   83.00    0.00    0.00    0.00    0.00    0.00    0.00    0.00   17.00
02:04:14       3   78.22    0.00    0.99    0.00    0.00    0.00    0.00    0.00   20.79
02:04:14       4   81.82    0.00    0.00    0.00    0.00    0.00    0.00    0.00   18.18
02:04:14       5   88.00    0.00    0.00    0.00    0.00    0.00    0.00    0.00   12.00
02:04:14       6   80.20    0.00    0.00    0.00    0.00    0.00    0.00    0.00   19.80
02:04:14       7   81.00    0.00    1.00    0.00    0.00    0.00    0.00    0.00   18.00
02:04:14       8   80.00    0.00    0.00    0.00    0.00    0.00    0.00    0.00   20.00
02:04:14       9   83.00    0.00    0.00    0.00    0.00    0.00    0.00    0.00   17.00
02:04:14      10   71.88    0.00    0.00    0.00    0.00    0.00    0.00    0.00   28.12
02:04:14      11   80.00    0.00    0.00    0.00    0.00    0.00    0.00    0.00   20.00
02:04:14      12   73.00    0.00    0.00    0.00    0.00    0.00    0.00    0.00   27.00
02:04:14      13   76.00    0.00    0.00    0.00    0.00    0.00    0.00    0.00   24.00
02:04:14      14   78.79    0.00    0.00    0.00    0.00    0.00    0.00    0.00   21.21
02:04:14      15   76.77    0.00    0.00    0.00    0.00    0.00    0.00    0.00   23.23
02:04:14      16   80.00    0.00    0.00    0.00    0.00    0.00    0.00    0.00   20.00
02:04:14      17   89.00    0.00    0.00    0.00    0.00    0.00    0.00    0.00   11.00
02:04:14      18   83.00    0.00    0.00    0.00    0.00    0.00    0.00    0.00   17.00
02:04:14      19   90.00    0.00    0.00    0.00    0.00    0.00    0.00    0.00   10.00
02:04:14      20   86.87    0.00    0.00    0.00    0.00    0.00    0.00    0.00   13.13
02:04:14      21   84.00    0.00    0.00    0.00    0.00    0.00    0.00    0.00   16.00
02:04:14      22   88.00    0.00    0.00    0.00    0.00    0.00    0.00    0.00   12.00
02:04:14      23   86.00    0.00    0.00    0.00    0.00    0.00    0.00    0.00   14.00
02:04:14      24   66.34    0.00    0.00    0.00    0.00    0.00    0.00    0.00   33.66
02:04:14      25   72.00    0.00    0.00    0.00    0.00    0.00    0.00    0.00   28.00
02:04:14      26   69.00    0.00    0.00    0.00    0.00    0.00    0.00    0.00   31.00
02:04:14      27   72.00    0.00    0.00    0.00    0.00    0.00    0.00    0.00   28.00
02:04:14      28   70.00    0.00    1.00    0.00    0.00    0.00    0.00    0.00   29.00
02:04:14      29   80.00    0.00    0.00    0.00    0.00    0.00    0.00    0.00   20.00
02:04:14      30   76.00    0.00    0.00    0.00    0.00    0.00    0.00    0.00   24.00
02:04:14      31   67.00    0.00    0.00    0.00    0.00    0.00    0.00    0.00   33.00

02:04:14     CPU    %usr   %nice    %sys %iowait    %irq   %soft  %steal  %guest   %idle
02:04:15     all   79.30    0.00    0.09    0.00    0.00    0.00    0.00    0.00   20.61
02:04:15       0   92.00    0.00    0.00    0.00    0.00    0.00    0.00    0.00    8.00
02:04:15       1   79.80    0.00    0.00    0.00    0.00    0.00    0.00    0.00   20.20
02:04:15       2   87.13    0.00    0.99    0.00    0.00    0.00    0.00    0.00   11.88
02:04:15       3   85.86    0.00    0.00    0.00    0.00    0.00    0.00    0.00   14.14
02:04:15       4   80.20    0.00    0.99    0.00    0.00    0.00    0.00    0.00   18.81
02:04:15       5   83.17    0.00    0.00    0.00    0.00    0.00    0.00    0.00   16.83
02:04:15       6   85.00    0.00    0.00    0.00    0.00    0.00    0.00    0.00   15.00
02:04:15       7   91.00    0.00    0.00    0.00    0.00    0.00    0.00    0.00    9.00
02:04:15       8   72.73    0.00    0.00    0.00    0.00    0.00    0.00    0.00   27.27
02:04:15       9   81.00    0.00    0.00    0.00    0.00    0.00    0.00    0.00   19.00
02:04:15      10   75.76    0.00    0.00    0.00    0.00    0.00    0.00    0.00   24.24
02:04:15      11   70.71    0.00    0.00    0.00    0.00    0.00    0.00    0.00   29.29
02:04:15      12   74.49    0.00    0.00    0.00    0.00    0.00    0.00    0.00   25.51
02:04:15      13   68.00    0.00    1.00    0.00    0.00    0.00    0.00    0.00   31.00
02:04:15      14   72.28    0.00    0.00    0.00    0.00    0.00    0.00    0.00   27.72
02:04:15      15   69.00    0.00    0.00    0.00    0.00    0.00    0.00    0.00   31.00
02:04:15      16   85.86    0.00    0.00    0.00    0.00    0.00    0.00    0.00   14.14
02:04:15      17   82.00    0.00    0.00    0.00    0.00    0.00    0.00    0.00   18.00
02:04:15      18   87.00    0.00    0.00    0.00    0.00    0.00    0.00    0.00   13.00
02:04:15      19   85.86    0.00    0.00    0.00    0.00    0.00    0.00    0.00   14.14
02:04:15      20   87.00    0.00    0.00    0.00    0.00    0.00    0.00    0.00   13.00
02:04:15      21   93.00    0.00    0.00    0.00    0.00    0.00    0.00    0.00    7.00
02:04:15      22   89.00    0.00    0.00    0.00    0.00    0.00    0.00    0.00   11.00
02:04:15      23   91.00    0.00    0.00    0.00    0.00    0.00    0.00    0.00    9.00
02:04:15      24   71.72    0.00    0.00    0.00    0.00    0.00    0.00    0.00   28.28
02:04:15      25   73.74    0.00    0.00    0.00    0.00    0.00    0.00    0.00   26.26
02:04:15      26   69.00    0.00    0.00    0.00    0.00    0.00    0.00    0.00   31.00
02:04:15      27   76.24    0.00    0.00    0.00    0.00    0.00    0.00    0.00   23.76
02:04:15      28   72.00    0.00    0.00    0.00    0.00    0.00    0.00    0.00   28.00
02:04:15      29   68.32    0.00    0.99    0.00    0.00    0.00    0.00    0.00   30.69
02:04:15      30   66.34    0.00    0.00    0.00    0.00    0.00    0.00    0.00   33.66
02:04:15      31   72.00    0.00    0.00    0.00    0.00    0.00    0.00    0.00   28.00

02:04:15     CPU    %usr   %nice    %sys %iowait    %irq   %soft  %steal  %guest   %idle
02:04:16     all   80.65    0.00    0.09    0.00    0.00    0.00    0.00    0.00   19.26
02:04:16       0   88.89    0.00    0.00    0.00    0.00    0.00    0.00    0.00   11.11
02:04:16       1   83.00    0.00    0.00    0.00    0.00    0.00    0.00    0.00   17.00
02:04:16       2   81.82    0.00    0.00    0.00    0.00    0.00    0.00    0.00   18.18
02:04:16       3   76.00    0.00    0.00    0.00    0.00    0.00    0.00    0.00   24.00
02:04:16       4   82.00    0.00    0.00    0.00    0.00    0.00    0.00    0.00   18.00
02:04:16       5   79.00    0.00    1.00    0.00    0.00    0.00    0.00    0.00   20.00
02:04:16       6   80.81    0.00    0.00    0.00    0.00    0.00    0.00    0.00   19.19
02:04:16       7   79.21    0.00    0.00    0.00    0.00    0.00    0.00    0.00   20.79
02:04:16       8   77.00    0.00    0.00    0.00    0.00    0.00    0.00    0.00   23.00
02:04:16       9   77.00    0.00    0.00    0.00    0.00    0.00    0.00    0.00   23.00
02:04:16      10   84.00    0.00    0.00    0.00    0.00    0.00    0.00    0.00   16.00
02:04:16      11   76.24    0.00    0.00    0.00    0.00    0.00    0.00    0.00   23.76
02:04:16      12   78.22    0.00    0.00    0.00    0.00    0.00    0.00    0.00   21.78
02:04:16      13   82.83    0.00    0.00    0.00    0.00    0.00    0.00    0.00   17.17
02:04:16      14   81.00    0.00    0.00    0.00    0.00    0.00    0.00    0.00   19.00
02:04:16      15   78.22    0.00    0.00    0.00    0.00    0.00    0.00    0.00   21.78
02:04:16      16   80.20    0.00    0.00    0.00    0.00    0.00    0.00    0.00   19.80
02:04:16      17   81.00    0.00    0.00    0.00    0.00    0.00    0.00    0.00   19.00
02:04:16      18   88.12    0.00    0.00    0.00    0.00    0.00    0.00    0.00   11.88
02:04:16      19   80.20    0.00    0.99    0.00    0.00    0.00    0.00    0.00   18.81
02:04:16      20   74.00    0.00    1.00    0.00    0.00    0.00    0.00    0.00   25.00
02:04:16      21   81.00    0.00    0.00    0.00    0.00    0.00    0.00    0.00   19.00
02:04:16      22   87.00    0.00    0.00    0.00    0.00    0.00    0.00    0.00   13.00
02:04:16      23   86.00    0.00    0.00    0.00    0.00    0.00    0.00    0.00   14.00
02:04:16      24   75.76    0.00    0.00    0.00    0.00    0.00    0.00    0.00   24.24
02:04:16      25   78.22    0.00    0.00    0.00    0.00    0.00    0.00    0.00   21.78
02:04:16      26   83.84    0.00    0.00    0.00    0.00    0.00    0.00    0.00   16.16
02:04:16      27   82.00    0.00    0.00    0.00    0.00    0.00    0.00    0.00   18.00
02:04:16      28   78.00    0.00    0.00    0.00    0.00    0.00    0.00    0.00   22.00
02:04:16      29   79.00    0.00    0.00    0.00    0.00    0.00    0.00    0.00   21.00
02:04:16      30   78.79    0.00    0.00    0.00    0.00    0.00    0.00    0.00   21.21
02:04:16      31   82.00    0.00    0.00    0.00    0.00    0.00    0.00    0.00   18.00
