Linux 2.6.32-279.14.1.el6.x86_64 (compute-641-14.local) 	04/21/20 	_x86_64_	(32 CPU)

12:43:44     CPU    %usr   %nice    %sys %iowait    %irq   %soft  %steal  %guest   %idle
12:43:45     all   36.44    0.00    0.34    0.00    0.00    0.00    0.00    0.00   63.22
12:43:45       0   94.00    0.00    1.00    0.00    0.00    0.00    0.00    0.00    5.00
12:43:45       1   72.45    0.00    0.00    0.00    0.00    0.00    0.00    0.00   27.55
12:43:45       2    0.00    0.00    0.00    0.00    0.00    0.00    0.00    0.00  100.00
12:43:45       3   65.31    0.00    0.00    0.00    0.00    0.00    0.00    0.00   34.69
12:43:45       4    0.00    0.00    0.00    0.00    0.00    0.00    0.00    0.00  100.00
12:43:45       5    0.00    0.00    0.00    0.00    0.00    0.00    0.00    0.00  100.00
12:43:45       6    0.00    0.00    0.00    0.00    0.00    0.00    0.00    0.00  100.00
12:43:45       7    0.00    0.00    0.00    0.00    0.00    0.00    0.00    0.00  100.00
12:43:45       8    0.00    0.00    0.00    0.00    0.00    0.00    0.00    0.00  100.00
12:43:45       9    0.00    0.00    0.00    0.00    0.00    0.00    0.00    0.00  100.00
12:43:45      10    0.00    0.00    0.00    0.00    0.00    0.00    0.00    0.00  100.00
12:43:45      11    0.00    0.00    0.00    0.00    0.00    0.00    0.00    0.00  100.00
12:43:45      12    0.00    0.00    0.00    0.00    0.00    0.00    0.00    0.00  100.00
12:43:45      13    0.00    0.00    0.00    0.00    0.00    0.00    0.00    0.00  100.00
12:43:45      14    0.00    0.00    0.00    0.00    0.00    0.00    0.00    0.00  100.00
12:43:45      15    0.00    0.00    0.00    0.00    0.00    0.00    0.00    0.00  100.00
12:43:45      16   97.98    0.00    1.01    0.00    0.00    0.00    0.00    0.00    1.01
12:43:45      17    4.00    0.00    1.00    0.00    0.00    0.00    0.00    0.00   95.00
12:43:45      18   65.66    0.00    0.00    0.00    0.00    0.00    0.00    0.00   34.34
12:43:45      19    2.00    0.00    0.00    0.00    0.00    0.00    0.00    0.00   98.00
12:43:45      20   72.00    0.00    1.00    0.00    0.00    0.00    0.00    0.00   27.00
12:43:45      21   65.66    0.00    0.00    0.00    0.00    0.00    0.00    0.00   34.34
12:43:45      22   65.66    0.00    0.00    0.00    0.00    0.00    0.00    0.00   34.34
12:43:45      23   65.00    0.00    0.00    0.00    0.00    0.00    0.00    0.00   35.00
12:43:45      24    0.00    0.00    0.00    0.00    0.00    0.00    0.00    0.00  100.00
12:43:45      25   76.24    0.00    0.99    0.00    0.00    0.00    0.00    0.00   22.77
12:43:45      26   76.00    0.00    1.00    0.00    0.00    0.00    0.00    0.00   23.00
12:43:45      27   70.00    0.00    0.00    0.00    0.00    0.00    0.00    0.00   30.00
12:43:45      28   69.70    0.00    0.00    0.00    0.00    0.00    0.00    0.00   30.30
12:43:45      29   69.39    0.00    0.00    0.00    0.00    0.00    0.00    0.00   30.61
12:43:45      30   69.70    0.00    0.00    0.00    0.00    0.00    0.00    0.00   30.30
12:43:45      31   69.00    0.00    0.00    0.00    0.00    0.00    0.00    0.00   31.00

12:43:45     CPU    %usr   %nice    %sys %iowait    %irq   %soft  %steal  %guest   %idle
12:43:46     all   37.13    0.00    0.03    0.00    0.00    0.00    0.00    0.00   62.84
12:43:46       0   85.86    0.00    0.00    0.00    0.00    0.00    0.00    0.00   14.14
12:43:46       1   75.25    0.00    0.99    0.00    0.00    0.00    0.00    0.00   23.76
12:43:46       2    0.00    0.00    0.00    0.00    0.00    0.00    0.00    0.00  100.00
12:43:46       3   67.00    0.00    0.00    0.00    0.00    0.00    0.00    0.00   33.00
12:43:46       4    0.00    0.00    0.00    0.00    0.00    0.00    0.00    0.00  100.00
12:43:46       5    0.00    0.00    0.00    0.00    0.00    0.00    0.00    0.00  100.00
12:43:46       6    1.00    0.00    0.00    0.00    0.00    0.00    0.00    0.00   99.00
12:43:46       7    0.00    0.00    0.00    0.00    0.00    0.00    0.00    0.00  100.00
12:43:46       8   10.00    0.00    0.00    0.00    0.00    0.00    0.00    0.00   90.00
12:43:46       9    0.00    0.00    0.00    0.00    0.00    0.00    0.00    0.00  100.00
12:43:46      10    0.00    0.00    0.00    0.00    0.00    0.00    0.00    0.00  100.00
12:43:46      11    0.00    0.00    0.00    0.00    0.00    0.00    0.00    0.00  100.00
12:43:46      12    0.00    0.00    0.00    0.00    0.00    0.00    0.00    0.00  100.00
12:43:46      13    0.00    0.00    0.00    0.00    0.00    0.00    0.00    0.00  100.00
12:43:46      14    0.00    0.00    0.00    0.00    0.00    0.00    0.00    0.00  100.00
12:43:46      15    0.00    0.00    0.00    0.00    0.00    0.00    0.00    0.00  100.00
12:43:46      16   98.02    0.00    0.00    0.00    0.00    0.00    0.00    0.00    1.98
12:43:46      17    1.00    0.00    0.00    0.00    0.00    0.00    0.00    0.00   99.00
12:43:46      18   67.00    0.00    0.00    0.00    0.00    0.00    0.00    0.00   33.00
12:43:46      19    1.00    0.00    0.00    0.00    0.00    0.00    0.00    0.00   99.00
12:43:46      20   75.00    0.00    0.00    0.00    0.00    0.00    0.00    0.00   25.00
12:43:46      21   67.33    0.00    0.00    0.00    0.00    0.00    0.00    0.00   32.67
12:43:46      22   67.33    0.00    0.00    0.00    0.00    0.00    0.00    0.00   32.67
12:43:46      23   67.00    0.00    0.00    0.00    0.00    0.00    0.00    0.00   33.00
12:43:46      24    0.00    0.00    0.00    0.00    0.00    0.00    0.00    0.00  100.00
12:43:46      25   78.79    0.00    0.00    0.00    0.00    0.00    0.00    0.00   21.21
12:43:46      26   78.00    0.00    0.00    0.00    0.00    0.00    0.00    0.00   22.00
12:43:46      27   69.70    0.00    0.00    0.00    0.00    0.00    0.00    0.00   30.30
12:43:46      28   70.00    0.00    0.00    0.00    0.00    0.00    0.00    0.00   30.00
12:43:46      29   70.00    0.00    0.00    0.00    0.00    0.00    0.00    0.00   30.00
12:43:46      30   69.00    0.00    0.00    0.00    0.00    0.00    0.00    0.00   31.00
12:43:46      31   69.00    0.00    1.00    0.00    0.00    0.00    0.00    0.00   30.00

12:43:46     CPU    %usr   %nice    %sys %iowait    %irq   %soft  %steal  %guest   %idle
12:43:47     all   47.34    0.00    0.06    0.00    0.00    0.00    0.00    0.00   52.60
12:43:47       0    0.00    0.00    0.00    0.00    0.00    0.00    0.00    0.00  100.00
12:43:47       1  100.00    0.00    0.00    0.00    0.00    0.00    0.00    0.00    0.00
12:43:47       2    0.00    0.00    0.00    0.00    0.00    0.00    0.00    0.00  100.00
12:43:47       3   93.00    0.00    0.00    0.00    0.00    0.00    0.00    0.00    7.00
12:43:47       4    0.00    0.00    0.00    0.00    0.00    0.00    0.00    0.00  100.00
12:43:47       5    0.00    0.00    0.00    0.00    0.00    0.00    0.00    0.00  100.00
12:43:47       6    0.00    0.00    0.00    0.00    0.00    0.00    0.00    0.00  100.00
12:43:47       7    0.00    0.00    0.00    0.00    0.00    0.00    0.00    0.00  100.00
12:43:47       8   93.00    0.00    0.00    0.00    0.00    0.00    0.00    0.00    7.00
12:43:47       9    0.00    0.00    0.00    0.00    0.00    0.00    0.00    0.00  100.00
12:43:47      10    0.00    0.00    0.00    0.00    0.00    0.00    0.00    0.00  100.00
12:43:47      11    0.00    0.00    0.00    0.00    0.00    0.00    0.00    0.00  100.00
12:43:47      12    0.00    0.00    0.00    0.00    0.00    0.00    0.00    0.00  100.00
12:43:47      13    0.00    0.00    0.00    0.00    0.00    0.00    0.00    0.00  100.00
12:43:47      14    0.00    0.00    0.00    0.00    0.00    0.00    0.00    0.00  100.00
12:43:47      15    0.00    0.00    0.00    0.00    0.00    0.00    0.00    0.00  100.00
12:43:47      16   95.96    0.00    0.00    0.00    0.00    0.00    0.00    0.00    4.04
12:43:47      17    0.00    0.00    1.00    0.00    0.00    0.00    0.00    0.00   99.00
12:43:47      18   93.00    0.00    0.00    0.00    0.00    0.00    0.00    0.00    7.00
12:43:47      19    0.00    0.00    0.00    0.00    0.00    0.00    0.00    0.00  100.00
12:43:47      20  100.00    0.00    0.00    0.00    0.00    0.00    0.00    0.00    0.00
12:43:47      21   93.00    0.00    0.00    0.00    0.00    0.00    0.00    0.00    7.00
12:43:47      22   92.93    0.00    0.00    0.00    0.00    0.00    0.00    0.00    7.07
12:43:47      23   93.00    0.00    0.00    0.00    0.00    0.00    0.00    0.00    7.00
12:43:47      24    0.00    0.00    0.00    0.00    0.00    0.00    0.00    0.00  100.00
12:43:47      25  100.00    0.00    0.00    0.00    0.00    0.00    0.00    0.00    0.00
12:43:47      26  100.00    0.00    0.00    0.00    0.00    0.00    0.00    0.00    0.00
12:43:47      27   91.09    0.00    0.99    0.00    0.00    0.00    0.00    0.00    7.92
12:43:47      28   92.08    0.00    0.99    0.00    0.00    0.00    0.00    0.00    6.93
12:43:47      29   93.00    0.00    0.00    0.00    0.00    0.00    0.00    0.00    7.00
12:43:47      30   93.00    0.00    0.00    0.00    0.00    0.00    0.00    0.00    7.00
12:43:47      31   92.00    0.00    0.00    0.00    0.00    0.00    0.00    0.00    8.00

12:43:47     CPU    %usr   %nice    %sys %iowait    %irq   %soft  %steal  %guest   %idle
12:43:48     all   47.11    0.00    0.06    0.00    0.00    0.00    0.00    0.00   52.83
12:43:48       0    0.00    0.00    0.00    0.00    0.00    0.00    0.00    0.00  100.00
12:43:48       1  100.00    0.00    0.00    0.00    0.00    0.00    0.00    0.00    0.00
12:43:48       2    0.00    0.00    0.00    0.00    0.00    0.00    0.00    0.00  100.00
12:43:48       3   92.00    0.00    0.00    0.00    0.00    0.00    0.00    0.00    8.00
12:43:48       4    0.00    0.00    0.00    0.00    0.00    0.00    0.00    0.00  100.00
12:43:48       5    0.00    0.00    0.00    0.00    0.00    0.00    0.00    0.00  100.00
12:43:48       6    0.00    0.00    0.00    0.00    0.00    0.00    0.00    0.00  100.00
12:43:48       7    0.00    0.00    0.00    0.00    0.00    0.00    0.00    0.00  100.00
12:43:48       8   92.08    0.00    0.00    0.00    0.00    0.00    0.00    0.00    7.92
12:43:48       9    0.00    0.00    0.00    0.00    0.00    0.00    0.00    0.00  100.00
12:43:48      10    0.00    0.00    0.00    0.00    0.00    0.00    0.00    0.00  100.00
12:43:48      11    0.00    0.00    0.00    0.00    0.00    0.00    0.00    0.00  100.00
12:43:48      12    0.00    0.00    0.00    0.00    0.00    0.00    0.00    0.00  100.00
12:43:48      13    0.00    0.00    0.00    0.00    0.00    0.00    0.00    0.00  100.00
12:43:48      14    0.00    0.00    0.00    0.00    0.00    0.00    0.00    0.00  100.00
12:43:48      15    0.00    0.00    0.00    0.00    0.00    0.00    0.00    0.00  100.00
12:43:48      16   94.00    0.00    0.00    0.00    0.00    0.00    0.00    0.00    6.00
12:43:48      17    0.00    0.00    1.00    0.00    0.00    0.00    0.00    0.00   99.00
12:43:48      18   92.00    0.00    0.00    0.00    0.00    0.00    0.00    0.00    8.00
12:43:48      19    0.00    0.00    0.99    0.00    0.00    0.00    0.00    0.00   99.01
12:43:48      20  100.00    0.00    0.00    0.00    0.00    0.00    0.00    0.00    0.00
12:43:48      21   92.00    0.00    0.00    0.00    0.00    0.00    0.00    0.00    8.00
12:43:48      22   92.00    0.00    0.00    0.00    0.00    0.00    0.00    0.00    8.00
12:43:48      23   92.00    0.00    0.00    0.00    0.00    0.00    0.00    0.00    8.00
12:43:48      24    1.00    0.00    0.00    0.00    0.00    0.00    0.00    0.00   99.00
12:43:48      25  100.00    0.00    0.00    0.00    0.00    0.00    0.00    0.00    0.00
12:43:48      26   99.01    0.00    0.00    0.00    0.00    0.00    0.00    0.00    0.99
12:43:48      27   92.00    0.00    0.00    0.00    0.00    0.00    0.00    0.00    8.00
12:43:48      28   92.00    0.00    0.00    0.00    0.00    0.00    0.00    0.00    8.00
12:43:48      29   92.00    0.00    0.00    0.00    0.00    0.00    0.00    0.00    8.00
12:43:48      30   91.92    0.00    0.00    0.00    0.00    0.00    0.00    0.00    8.08
12:43:48      31   91.09    0.00    0.00    0.00    0.00    0.00    0.00    0.00    8.91

12:43:48     CPU    %usr   %nice    %sys %iowait    %irq   %soft  %steal  %guest   %idle
12:43:49     all   47.01    0.00    0.06    0.00    0.00    0.00    0.00    0.00   52.92
12:43:49       0    0.00    0.00    0.00    0.00    0.00    0.00    0.00    0.00  100.00
12:43:49       1  100.00    0.00    0.00    0.00    0.00    0.00    0.00    0.00    0.00
12:43:49       2    0.00    0.00    0.00    0.00    0.00    0.00    0.00    0.00  100.00
12:43:49       3   92.00    0.00    0.00    0.00    0.00    0.00    0.00    0.00    8.00
12:43:49       4    0.00    0.00    0.00    0.00    0.00    0.00    0.00    0.00  100.00
12:43:49       5    0.00    0.00    0.00    0.00    0.00    0.00    0.00    0.00  100.00
12:43:49       6    0.00    0.00    0.00    0.00    0.00    0.00    0.00    0.00  100.00
12:43:49       7    0.00    0.00    0.00    0.00    0.00    0.00    0.00    0.00  100.00
12:43:49       8   92.00    0.00    0.00    0.00    0.00    0.00    0.00    0.00    8.00
12:43:49       9    0.00    0.00    0.00    0.00    0.00    0.00    0.00    0.00  100.00
12:43:49      10    0.00    0.00    0.00    0.00    0.00    0.00    0.00    0.00  100.00
12:43:49      11    0.00    0.00    0.00    0.00    0.00    0.00    0.00    0.00  100.00
12:43:49      12    0.00    0.00    0.00    0.00    0.00    0.00    0.00    0.00  100.00
12:43:49      13    0.00    0.00    0.00    0.00    0.00    0.00    0.00    0.00  100.00
12:43:49      14    0.00    0.00    0.00    0.00    0.00    0.00    0.00    0.00  100.00
12:43:49      15    0.00    0.00    0.00    0.00    0.00    0.00    0.00    0.00  100.00
12:43:49      16   94.00    0.00    0.00    0.00    0.00    0.00    0.00    0.00    6.00
12:43:49      17    0.00    0.00    1.00    0.00    0.00    0.00    0.00    0.00   99.00
12:43:49      18   92.00    0.00    0.00    0.00    0.00    0.00    0.00    0.00    8.00
12:43:49      19    0.00    0.00    0.00    0.00    0.00    0.00    0.00    0.00  100.00
12:43:49      20  100.00    0.00    0.00    0.00    0.00    0.00    0.00    0.00    0.00
12:43:49      21   91.92    0.00    0.00    0.00    0.00    0.00    0.00    0.00    8.08
12:43:49      22   92.00    0.00    0.00    0.00    0.00    0.00    0.00    0.00    8.00
12:43:49      23   92.00    0.00    0.00    0.00    0.00    0.00    0.00    0.00    8.00
12:43:49      24    0.00    0.00    0.00    0.00    0.00    0.00    0.00    0.00  100.00
12:43:49      25   99.01    0.00    0.00    0.00    0.00    0.00    0.00    0.00    0.99
12:43:49      26  100.00    0.00    0.00    0.00    0.00    0.00    0.00    0.00    0.00
12:43:49      27   91.92    0.00    0.00    0.00    0.00    0.00    0.00    0.00    8.08
12:43:49      28   92.00    0.00    0.00    0.00    0.00    0.00    0.00    0.00    8.00
12:43:49      29   92.00    0.00    0.00    0.00    0.00    0.00    0.00    0.00    8.00
12:43:49      30   91.09    0.00    0.00    0.00    0.00    0.00    0.00    0.00    8.91
12:43:49      31   91.92    0.00    0.00    0.00    0.00    0.00    0.00    0.00    8.08

12:43:49     CPU    %usr   %nice    %sys %iowait    %irq   %soft  %steal  %guest   %idle
12:43:50     all   47.05    0.00    0.06    0.00    0.00    0.03    0.00    0.00   52.86
12:43:50       0    0.00    0.00    1.01    0.00    0.00    0.00    0.00    0.00   98.99
12:43:50       1  100.00    0.00    0.00    0.00    0.00    0.00    0.00    0.00    0.00
12:43:50       2    0.00    0.00    0.00    0.00    0.00    0.00    0.00    0.00  100.00
12:43:50       3   92.00    0.00    0.00    0.00    0.00    0.00    0.00    0.00    8.00
12:43:50       4    0.00    0.00    0.00    0.00    0.00    0.00    0.00    0.00  100.00
12:43:50       5    0.00    0.00    0.00    0.00    0.00    0.00    0.00    0.00  100.00
12:43:50       6    0.00    0.00    0.00    0.00    0.00    0.00    0.00    0.00  100.00
12:43:50       7    0.00    0.00    0.00    0.00    0.00    0.00    0.00    0.00  100.00
12:43:50       8   92.00    0.00    0.00    0.00    0.00    0.00    0.00    0.00    8.00
12:43:50       9    0.00    0.00    0.00    0.00    0.00    0.00    0.00    0.00  100.00
12:43:50      10    0.00    0.00    0.00    0.00    0.00    0.00    0.00    0.00  100.00
12:43:50      11    0.00    0.00    0.00    0.00    0.00    0.00    0.00    0.00  100.00
12:43:50      12    0.00    0.00    0.99    0.00    0.00    0.00    0.00    0.00   99.01
12:43:50      13    0.00    0.00    0.00    0.00    0.00    0.00    0.00    0.00  100.00
12:43:50      14    0.00    0.00    0.00    0.00    0.00    0.00    0.00    0.00  100.00
12:43:50      15    0.00    0.00    0.00    0.00    0.00    0.00    0.00    0.00  100.00
12:43:50      16   94.95    0.00    0.00    0.00    0.00    0.00    0.00    0.00    5.05
12:43:50      17    0.00    0.00    1.00    0.00    0.00    0.00    0.00    0.00   99.00
12:43:50      18   92.93    0.00    0.00    0.00    0.00    0.00    0.00    0.00    7.07
12:43:50      19    0.00    0.00    0.00    0.00    0.00    0.00    0.00    0.00  100.00
12:43:50      20  100.00    0.00    0.00    0.00    0.00    0.00    0.00    0.00    0.00
12:43:50      21   92.00    0.00    0.00    0.00    0.00    0.00    0.00    0.00    8.00
12:43:50      22   91.09    0.00    0.99    0.00    0.00    0.00    0.00    0.00    7.92
12:43:50      23   91.09    0.00    0.99    0.00    0.00    0.00    0.00    0.00    7.92
12:43:50      24    0.00    0.00    0.00    0.00    0.00    0.00    0.00    0.00  100.00
12:43:50      25  100.00    0.00    0.00    0.00    0.00    0.00    0.00    0.00    0.00
12:43:50      26  100.00    0.00    0.00    0.00    0.00    0.00    0.00    0.00    0.00
12:43:50      27   91.09    0.00    0.00    0.00    0.00    0.00    0.00    0.00    8.91
12:43:50      28   92.00    0.00    0.00    0.00    0.00    0.00    0.00    0.00    8.00
12:43:50      29   91.09    0.00    0.00    0.00    0.00    0.00    0.00    0.00    8.91
12:43:50      30   92.00    0.00    0.00    0.00    0.00    0.00    0.00    0.00    8.00
12:43:50      31   91.00    0.00    0.00    0.00    0.00    0.00    0.00    0.00    9.00

12:43:50     CPU    %usr   %nice    %sys %iowait    %irq   %soft  %steal  %guest   %idle
12:43:51     all   46.97    0.00    0.09    0.00    0.00    0.00    0.00    0.00   52.94
12:43:51       0    1.01    0.00    0.00    0.00    0.00    0.00    0.00    0.00   98.99
12:43:51       1  100.00    0.00    0.00    0.00    0.00    0.00    0.00    0.00    0.00
12:43:51       2    0.00    0.00    0.00    0.00    0.00    0.00    0.00    0.00  100.00
12:43:51       3   91.92    0.00    0.00    0.00    0.00    0.00    0.00    0.00    8.08
12:43:51       4    0.00    0.00    0.00    0.00    0.00    0.00    0.00    0.00  100.00
12:43:51       5    0.00    0.00    0.00    0.00    0.00    0.00    0.00    0.00  100.00
12:43:51       6    0.00    0.00    0.00    0.00    0.00    0.00    0.00    0.00  100.00
12:43:51       7    0.00    0.00    0.00    0.00    0.00    0.00    0.00    0.00  100.00
12:43:51       8   91.92    0.00    0.00    0.00    0.00    0.00    0.00    0.00    8.08
12:43:51       9    0.00    0.00    0.00    0.00    0.00    0.00    0.00    0.00  100.00
12:43:51      10    0.00    0.00    0.00    0.00    0.00    0.00    0.00    0.00  100.00
12:43:51      11    0.00    0.00    0.00    0.00    0.00    0.00    0.00    0.00  100.00
12:43:51      12    0.00    0.00    0.00    0.00    0.00    0.00    0.00    0.00  100.00
12:43:51      13    0.00    0.00    0.00    0.00    0.00    0.00    0.00    0.00  100.00
12:43:51      14    0.00    0.00    0.00    0.00    0.00    0.00    0.00    0.00  100.00
12:43:51      15    0.00    0.00    0.00    0.00    0.00    0.00    0.00    0.00  100.00
12:43:51      16   94.00    0.00    0.00    0.00    0.00    0.00    0.00    0.00    6.00
12:43:51      17    0.00    0.00    1.01    0.00    0.00    0.00    0.00    0.00   98.99
12:43:51      18   91.92    0.00    0.00    0.00    0.00    0.00    0.00    0.00    8.08
12:43:51      19    0.00    0.00    0.00    0.00    0.00    0.00    0.00    0.00  100.00
12:43:51      20  100.00    0.00    0.00    0.00    0.00    0.00    0.00    0.00    0.00
12:43:51      21   92.00    0.00    0.00    0.00    0.00    0.00    0.00    0.00    8.00
12:43:51      22   92.00    0.00    0.00    0.00    0.00    0.00    0.00    0.00    8.00
12:43:51      23   91.92    0.00    0.00    0.00    0.00    0.00    0.00    0.00    8.08
12:43:51      24    0.00    0.00    0.00    0.00    0.00    0.00    0.00    0.00  100.00
12:43:51      25  100.00    0.00    0.00    0.00    0.00    0.00    0.00    0.00    0.00
12:43:51      26  100.00    0.00    0.00    0.00    0.00    0.00    0.00    0.00    0.00
12:43:51      27   92.00    0.00    0.00    0.00    0.00    0.00    0.00    0.00    8.00
12:43:51      28   92.08    0.00    0.00    0.00    0.00    0.00    0.00    0.00    7.92
12:43:51      29   92.00    0.00    0.00    0.00    0.00    0.00    0.00    0.00    8.00
12:43:51      30   91.00    0.00    0.00    0.00    0.00    0.00    0.00    0.00    9.00
12:43:51      31   91.09    0.00    0.00    0.00    0.00    0.00    0.00    0.00    8.91

12:43:51     CPU    %usr   %nice    %sys %iowait    %irq   %soft  %steal  %guest   %idle
12:43:52     all   47.06    0.00    0.06    0.00    0.00    0.00    0.00    0.00   52.88
12:43:52       0    0.00    0.00    1.01    0.00    0.00    0.00    0.00    0.00   98.99
12:43:52       1  100.00    0.00    0.00    0.00    0.00    0.00    0.00    0.00    0.00
12:43:52       2    0.00    0.00    0.00    0.00    0.00    0.00    0.00    0.00  100.00
12:43:52       3   92.00    0.00    0.00    0.00    0.00    0.00    0.00    0.00    8.00
12:43:52       4    0.00    0.00    0.00    0.00    0.00    0.00    0.00    0.00  100.00
12:43:52       5    0.00    0.00    0.00    0.00    0.00    0.00    0.00    0.00  100.00
12:43:52       6    0.00    0.00    0.00    0.00    0.00    0.00    0.00    0.00  100.00
12:43:52       7    0.00    0.00    0.00    0.00    0.00    0.00    0.00    0.00  100.00
12:43:52       8   92.08    0.00    0.00    0.00    0.00    0.00    0.00    0.00    7.92
12:43:52       9    0.00    0.00    0.00    0.00    0.00    0.00    0.00    0.00  100.00
12:43:52      10    0.00    0.00    0.00    0.00    0.00    0.00    0.00    0.00  100.00
12:43:52      11    0.00    0.00    0.00    0.00    0.00    0.00    0.00    0.00  100.00
12:43:52      12    0.00    0.00    0.00    0.00    0.00    0.00    0.00    0.00  100.00
12:43:52      13    0.00    0.00    0.00    0.00    0.00    0.00    0.00    0.00  100.00
12:43:52      14    0.00    0.00    0.00    0.00    0.00    0.00    0.00    0.00  100.00
12:43:52      15    0.00    0.00    0.00    0.00    0.00    0.00    0.00    0.00  100.00
12:43:52      16   94.00    0.00    0.00    0.00    0.00    0.00    0.00    0.00    6.00
12:43:52      17    0.00    0.00    1.98    0.00    0.00    0.00    0.00    0.00   98.02
12:43:52      18   92.08    0.00    0.00    0.00    0.00    0.00    0.00    0.00    7.92
12:43:52      19    0.00    0.00    0.00    0.00    0.00    0.00    0.00    0.00  100.00
12:43:52      20  100.00    0.00    0.00    0.00    0.00    0.00    0.00    0.00    0.00
12:43:52      21   92.00    0.00    0.00    0.00    0.00    0.00    0.00    0.00    8.00
12:43:52      22   92.00    0.00    0.00    0.00    0.00    0.00    0.00    0.00    8.00
12:43:52      23   92.00    0.00    0.00    0.00    0.00    0.00    0.00    0.00    8.00
12:43:52      24    0.00    0.00    0.00    0.00    0.00    0.00    0.00    0.00  100.00
12:43:52      25  100.00    0.00    0.00    0.00    0.00    0.00    0.00    0.00    0.00
12:43:52      26  100.00    0.00    0.00    0.00    0.00    0.00    0.00    0.00    0.00
12:43:52      27   91.00    0.00    0.00    0.00    0.00    0.00    0.00    0.00    9.00
12:43:52      28   92.00    0.00    0.00    0.00    0.00    0.00    0.00    0.00    8.00
12:43:52      29   92.00    0.00    0.00    0.00    0.00    0.00    0.00    0.00    8.00
12:43:52      30   91.00    0.00    0.00    0.00    0.00    0.00    0.00    0.00    9.00
12:43:52      31   91.00    0.00    0.00    0.00    0.00    0.00    0.00    0.00    9.00

12:43:52     CPU    %usr   %nice    %sys %iowait    %irq   %soft  %steal  %guest   %idle
12:43:53     all   47.09    0.00    0.06    0.00    0.00    0.00    0.00    0.00   52.85
12:43:53       0    0.00    0.00    0.00    0.00    0.00    0.00    0.00    0.00  100.00
12:43:53       1  100.00    0.00    0.00    0.00    0.00    0.00    0.00    0.00    0.00
12:43:53       2    0.00    0.00    0.00    0.00    0.00    0.00    0.00    0.00  100.00
12:43:53       3   92.00    0.00    0.00    0.00    0.00    0.00    0.00    0.00    8.00
12:43:53       4    0.00    0.00    0.00    0.00    0.00    0.00    0.00    0.00  100.00
12:43:53       5    0.00    0.00    0.00    0.00    0.00    0.00    0.00    0.00  100.00
12:43:53       6    0.00    0.00    0.00    0.00    0.00    0.00    0.00    0.00  100.00
12:43:53       7    0.00    0.00    0.00    0.00    0.00    0.00    0.00    0.00  100.00
12:43:53       8   92.86    0.00    0.00    0.00    0.00    0.00    0.00    0.00    7.14
12:43:53       9    0.00    0.00    0.00    0.00    0.00    0.00    0.00    0.00  100.00
12:43:53      10    0.99    0.00    0.00    0.00    0.00    0.00    0.00    0.00   99.01
12:43:53      11    0.00    0.00    0.00    0.00    0.00    0.00    0.00    0.00  100.00
12:43:53      12    0.00    0.00    0.00    0.00    0.00    0.00    0.00    0.00  100.00
12:43:53      13    0.00    0.00    0.00    0.00    0.00    0.00    0.00    0.00  100.00
12:43:53      14    0.00    0.00    0.00    0.00    0.00    0.00    0.00    0.00  100.00
12:43:53      15    0.00    0.00    0.00    0.00    0.00    0.00    0.00    0.00  100.00
12:43:53      16   94.06    0.00    0.00    0.00    0.00    0.00    0.00    0.00    5.94
12:43:53      17    0.00    0.00    1.00    0.00    0.00    0.00    0.00    0.00   99.00
12:43:53      18   92.00    0.00    0.00    0.00    0.00    0.00    0.00    0.00    8.00
12:43:53      19    0.00    0.00    0.00    0.00    0.00    0.00    0.00    0.00  100.00
12:43:53      20  100.00    0.00    0.00    0.00    0.00    0.00    0.00    0.00    0.00
12:43:53      21   92.00    0.00    0.00    0.00    0.00    0.00    0.00    0.00    8.00
12:43:53      22   92.08    0.00    0.00    0.00    0.00    0.00    0.00    0.00    7.92
12:43:53      23   92.08    0.00    0.00    0.00    0.00    0.00    0.00    0.00    7.92
12:43:53      24    0.00    0.00    0.00    0.00    0.00    0.00    0.00    0.00  100.00
12:43:53      25  100.00    0.00    0.00    0.00    0.00    0.00    0.00    0.00    0.00
12:43:53      26  100.00    0.00    0.00    0.00    0.00    0.00    0.00    0.00    0.00
12:43:53      27   92.00    0.00    0.00    0.00    0.00    0.00    0.00    0.00    8.00
12:43:53      28   92.93    0.00    0.00    0.00    0.00    0.00    0.00    0.00    7.07
12:43:53      29   92.00    0.00    0.00    0.00    0.00    0.00    0.00    0.00    8.00
12:43:53      30   92.00    0.00    0.00    0.00    0.00    0.00    0.00    0.00    8.00
12:43:53      31   92.00    0.00    0.00    0.00    0.00    0.00    0.00    0.00    8.00

12:43:53     CPU    %usr   %nice    %sys %iowait    %irq   %soft  %steal  %guest   %idle
12:43:54     all   47.22    0.00    0.03    0.00    0.00    0.00    0.00    0.00   52.75
12:43:54       0    0.00    0.00    0.00    0.00    0.00    0.00    0.00    0.00  100.00
12:43:54       1  100.00    0.00    0.00    0.00    0.00    0.00    0.00    0.00    0.00
12:43:54       2    0.00    0.00    0.00    0.00    0.00    0.00    0.00    0.00  100.00
12:43:54       3   92.00    0.00    0.00    0.00    0.00    0.00    0.00    0.00    8.00
12:43:54       4    0.00    0.00    0.99    0.00    0.00    0.00    0.00    0.00   99.01
12:43:54       5    0.00    0.00    0.00    0.00    0.00    0.00    0.00    0.00  100.00
12:43:54       6    0.00    0.00    0.00    0.00    0.00    0.00    0.00    0.00  100.00
12:43:54       7    0.00    0.00    0.00    0.00    0.00    0.00    0.00    0.00  100.00
12:43:54       8   92.08    0.00    0.00    0.00    0.00    0.00    0.00    0.00    7.92
12:43:54       9    0.00    0.00    0.00    0.00    0.00    0.00    0.00    0.00  100.00
12:43:54      10    0.00    0.00    0.00    0.00    0.00    0.00    0.00    0.00  100.00
12:43:54      11    0.00    0.00    0.00    0.00    0.00    0.00    0.00    0.00  100.00
12:43:54      12    0.00    0.00    0.00    0.00    0.00    0.00    0.00    0.00  100.00
12:43:54      13    0.00    0.00    0.00    0.00    0.00    0.00    0.00    0.00  100.00
12:43:54      14    0.00    0.00    0.00    0.00    0.00    0.00    0.00    0.00  100.00
12:43:54      15    0.00    0.00    0.00    0.00    0.00    0.00    0.00    0.00  100.00
12:43:54      16   95.00    0.00    0.00    0.00    0.00    0.00    0.00    0.00    5.00
12:43:54      17    0.00    0.00    1.00    0.00    0.00    0.00    0.00    0.00   99.00
12:43:54      18   93.00    0.00    0.00    0.00    0.00    0.00    0.00    0.00    7.00
12:43:54      19    0.00    0.00    0.00    0.00    0.00    0.00    0.00    0.00  100.00
12:43:54      20  100.00    0.00    0.00    0.00    0.00    0.00    0.00    0.00    0.00
12:43:54      21   93.00    0.00    0.00    0.00    0.00    0.00    0.00    0.00    7.00
12:43:54      22   92.00    0.00    0.00    0.00    0.00    0.00    0.00    0.00    8.00
12:43:54      23   92.00    0.00    0.00    0.00    0.00    0.00    0.00    0.00    8.00
12:43:54      24    0.00    0.00    0.00    0.00    0.00    0.00    0.00    0.00  100.00
12:43:54      25  100.00    0.00    0.00    0.00    0.00    0.00    0.00    0.00    0.00
12:43:54      26  100.00    0.00    0.00    0.00    0.00    0.00    0.00    0.00    0.00
12:43:54      27   92.00    0.00    0.00    0.00    0.00    0.00    0.00    0.00    8.00
12:43:54      28   92.00    0.00    0.00    0.00    0.00    0.00    0.00    0.00    8.00
12:43:54      29   92.93    0.00    0.00    0.00    0.00    0.00    0.00    0.00    7.07
12:43:54      30   91.92    0.00    0.00    0.00    0.00    0.00    0.00    0.00    8.08
12:43:54      31   91.92    0.00    0.00    0.00    0.00    0.00    0.00    0.00    8.08

12:43:54     CPU    %usr   %nice    %sys %iowait    %irq   %soft  %steal  %guest   %idle
12:43:55     all   47.17    0.00    0.06    0.00    0.00    0.00    0.00    0.00   52.77
12:43:55       0    0.00    0.00    1.01    0.00    0.00    0.00    0.00    0.00   98.99
12:43:55       1  100.00    0.00    0.00    0.00    0.00    0.00    0.00    0.00    0.00
12:43:55       2    0.00    0.00    0.00    0.00    0.00    0.00    0.00    0.00  100.00
12:43:55       3   92.93    0.00    0.00    0.00    0.00    0.00    0.00    0.00    7.07
12:43:55       4    0.00    0.00    0.00    0.00    0.00    0.00    0.00    0.00  100.00
12:43:55       5    0.00    0.00    0.00    0.00    0.00    0.00    0.00    0.00  100.00
12:43:55       6    0.00    0.00    0.00    0.00    0.00    0.00    0.00    0.00  100.00
12:43:55       7    0.00    0.00    0.00    0.00    0.00    0.00    0.00    0.00  100.00
12:43:55       8   92.93    0.00    0.00    0.00    0.00    0.00    0.00    0.00    7.07
12:43:55       9    0.00    0.00    0.00    0.00    0.00    0.00    0.00    0.00  100.00
12:43:55      10    0.00    0.00    0.00    0.00    0.00    0.00    0.00    0.00  100.00
12:43:55      11    0.00    0.00    0.00    0.00    0.00    0.00    0.00    0.00  100.00
12:43:55      12    0.00    0.00    0.00    0.00    0.00    0.00    0.00    0.00  100.00
12:43:55      13    0.00    0.00    0.00    0.00    0.00    0.00    0.00    0.00  100.00
12:43:55      14    0.00    0.00    0.00    0.00    0.00    0.00    0.00    0.00  100.00
12:43:55      15    0.00    0.00    0.00    0.00    0.00    0.00    0.00    0.00  100.00
12:43:55      16   95.00    0.00    0.00    0.00    0.00    0.00    0.00    0.00    5.00
12:43:55      17    0.00    0.00    1.00    0.00    0.00    0.00    0.00    0.00   99.00
12:43:55      18   92.08    0.00    0.00    0.00    0.00    0.00    0.00    0.00    7.92
12:43:55      19    0.00    0.00    0.00    0.00    0.00    0.00    0.00    0.00  100.00
12:43:55      20  100.00    0.00    0.00    0.00    0.00    0.00    0.00    0.00    0.00
12:43:55      21   92.00    0.00    0.00    0.00    0.00    0.00    0.00    0.00    8.00
12:43:55      22   93.00    0.00    0.00    0.00    0.00    0.00    0.00    0.00    7.00
12:43:55      23   92.08    0.00    0.00    0.00    0.00    0.00    0.00    0.00    7.92
12:43:55      24    0.00    0.00    0.00    0.00    0.00    0.00    0.00    0.00  100.00
12:43:55      25  100.00    0.00    0.00    0.00    0.00    0.00    0.00    0.00    0.00
12:43:55      26  100.00    0.00    0.00    0.00    0.00    0.00    0.00    0.00    0.00
12:43:55      27   91.92    0.00    0.00    0.00    0.00    0.00    0.00    0.00    8.08
12:43:55      28   92.93    0.00    0.00    0.00    0.00    0.00    0.00    0.00    7.07
12:43:55      29   92.00    0.00    0.00    0.00    0.00    0.00    0.00    0.00    8.00
12:43:55      30   92.00    0.00    0.00    0.00    0.00    0.00    0.00    0.00    8.00
12:43:55      31   91.92    0.00    0.00    0.00    0.00    0.00    0.00    0.00    8.08

12:43:55     CPU    %usr   %nice    %sys %iowait    %irq   %soft  %steal  %guest   %idle
12:43:56     all   47.01    0.00    0.06    0.00    0.00    0.00    0.00    0.00   52.92
12:43:56       0    0.00    0.00    1.02    0.00    0.00    0.00    0.00    0.00   98.98
12:43:56       1  100.00    0.00    0.00    0.00    0.00    0.00    0.00    0.00    0.00
12:43:56       2    0.00    0.00    0.00    0.00    0.00    0.00    0.00    0.00  100.00
12:43:56       3   92.00    0.00    0.00    0.00    0.00    0.00    0.00    0.00    8.00
12:43:56       4    0.00    0.00    0.00    0.00    0.00    0.00    0.00    0.00  100.00
12:43:56       5    0.00    0.00    0.00    0.00    0.00    0.00    0.00    0.00  100.00
12:43:56       6    0.99    0.00    0.00    0.00    0.00    0.00    0.00    0.00   99.01
12:43:56       7    0.00    0.00    0.00    0.00    0.00    0.00    0.00    0.00  100.00
12:43:56       8   92.00    0.00    0.00    0.00    0.00    0.00    0.00    0.00    8.00
12:43:56       9    0.00    0.00    0.00    0.00    0.00    0.00    0.00    0.00  100.00
12:43:56      10    0.00    0.00    0.00    0.00    0.00    0.00    0.00    0.00  100.00
12:43:56      11    0.00    0.00    0.00    0.00    0.00    0.00    0.00    0.00  100.00
12:43:56      12    0.00    0.00    0.00    0.00    0.00    0.00    0.00    0.00  100.00
12:43:56      13    0.00    0.00    0.00    0.00    0.00    0.00    0.00    0.00  100.00
12:43:56      14    0.00    0.00    0.00    0.00    0.00    0.00    0.00    0.00  100.00
12:43:56      15    0.00    0.00    0.00    0.00    0.00    0.00    0.00    0.00  100.00
12:43:56      16   94.00    0.00    0.00    0.00    0.00    0.00    0.00    0.00    6.00
12:43:56      17    0.00    0.00    0.00    0.00    0.00    0.00    0.00    0.00  100.00
12:43:56      18   92.00    0.00    0.00    0.00    0.00    0.00    0.00    0.00    8.00
12:43:56      19    0.00    0.00    0.00    0.00    0.00    0.00    0.00    0.00  100.00
12:43:56      20  100.00    0.00    0.00    0.00    0.00    0.00    0.00    0.00    0.00
12:43:56      21   92.00    0.00    0.00    0.00    0.00    0.00    0.00    0.00    8.00
12:43:56      22   92.00    0.00    0.00    0.00    0.00    0.00    0.00    0.00    8.00
12:43:56      23   91.92    0.00    0.00    0.00    0.00    0.00    0.00    0.00    8.08
12:43:56      24    0.00    0.00    0.00    0.00    0.00    0.00    0.00    0.00  100.00
12:43:56      25  100.00    0.00    0.00    0.00    0.00    0.00    0.00    0.00    0.00
12:43:56      26  100.00    0.00    0.00    0.00    0.00    0.00    0.00    0.00    0.00
12:43:56      27   91.92    0.00    0.00    0.00    0.00    0.00    0.00    0.00    8.08
12:43:56      28   91.09    0.00    0.00    0.00    0.00    0.00    0.00    0.00    8.91
12:43:56      29   92.00    0.00    0.00    0.00    0.00    0.00    0.00    0.00    8.00
12:43:56      30   91.92    0.00    0.00    0.00    0.00    0.00    0.00    0.00    8.08
12:43:56      31   91.00    0.00    0.00    0.00    0.00    0.00    0.00    0.00    9.00

12:43:56     CPU    %usr   %nice    %sys %iowait    %irq   %soft  %steal  %guest   %idle
12:43:57     all   47.01    0.00    0.03    0.00    0.00    0.00    0.00    0.00   52.96
12:43:57       0    0.00    0.00    1.02    0.00    0.00    0.00    0.00    0.00   98.98
12:43:57       1  100.00    0.00    0.00    0.00    0.00    0.00    0.00    0.00    0.00
12:43:57       2    0.00    0.00    0.00    0.00    0.00    0.00    0.00    0.00  100.00
12:43:57       3   91.00    0.00    0.00    0.00    0.00    0.00    0.00    0.00    9.00
12:43:57       4    0.00    0.00    0.00    0.00    0.00    0.00    0.00    0.00  100.00
12:43:57       5    0.00    0.00    0.00    0.00    0.00    0.00    0.00    0.00  100.00
12:43:57       6    0.00    0.00    0.99    0.00    0.00    0.00    0.00    0.00   99.01
12:43:57       7    0.00    0.00    0.00    0.00    0.00    0.00    0.00    0.00  100.00
12:43:57       8   92.00    0.00    0.00    0.00    0.00    0.00    0.00    0.00    8.00
12:43:57       9    0.00    0.00    0.00    0.00    0.00    0.00    0.00    0.00  100.00
12:43:57      10    0.00    0.00    0.00    0.00    0.00    0.00    0.00    0.00  100.00
12:43:57      11    0.00    0.00    0.00    0.00    0.00    0.00    0.00    0.00  100.00
12:43:57      12    0.00    0.00    0.00    0.00    0.00    0.00    0.00    0.00  100.00
12:43:57      13    0.00    0.00    0.00    0.00    0.00    0.00    0.00    0.00  100.00
12:43:57      14    0.00    0.00    0.00    0.00    0.00    0.00    0.00    0.00  100.00
12:43:57      15    0.00    0.00    0.00    0.00    0.00    0.00    0.00    0.00  100.00
12:43:57      16   95.00    0.00    0.00    0.00    0.00    0.00    0.00    0.00    5.00
12:43:57      17    0.00    0.00    0.00    0.00    0.00    0.00    0.00    0.00  100.00
12:43:57      18   92.00    0.00    0.00    0.00    0.00    0.00    0.00    0.00    8.00
12:43:57      19    0.00    0.00    0.00    0.00    0.00    0.00    0.00    0.00  100.00
12:43:57      20  100.00    0.00    0.00    0.00    0.00    0.00    0.00    0.00    0.00
12:43:57      21   91.09    0.00    0.99    0.00    0.00    0.00    0.00    0.00    7.92
12:43:57      22   92.00    0.00    0.00    0.00    0.00    0.00    0.00    0.00    8.00
12:43:57      23   92.00    0.00    0.00    0.00    0.00    0.00    0.00    0.00    8.00
12:43:57      24    0.00    0.00    0.00    0.00    0.00    0.00    0.00    0.00  100.00
12:43:57      25  100.00    0.00    0.00    0.00    0.00    0.00    0.00    0.00    0.00
12:43:57      26  100.00    0.00    0.00    0.00    0.00    0.00    0.00    0.00    0.00
12:43:57      27   91.00    0.00    0.00    0.00    0.00    0.00    0.00    0.00    9.00
12:43:57      28   92.00    0.00    0.00    0.00    0.00    0.00    0.00    0.00    8.00
12:43:57      29   92.00    0.00    0.00    0.00    0.00    0.00    0.00    0.00    8.00
12:43:57      30   91.00    0.00    0.00    0.00    0.00    0.00    0.00    0.00    9.00
12:43:57      31   91.00    0.00    0.00    0.00    0.00    0.00    0.00    0.00    9.00

12:43:57     CPU    %usr   %nice    %sys %iowait    %irq   %soft  %steal  %guest   %idle
12:43:58     all   47.01    0.00    0.16    0.00    0.00    0.00    0.00    0.00   52.83
12:43:58       0    0.00    0.00    2.02    0.00    0.00    0.00    0.00    0.00   97.98
12:43:58       1  100.00    0.00    0.00    0.00    0.00    0.00    0.00    0.00    0.00
12:43:58       2    0.00    0.00    0.00    0.00    0.00    0.00    0.00    0.00  100.00
12:43:58       3   91.00    0.00    1.00    0.00    0.00    0.00    0.00    0.00    8.00
12:43:58       4    0.00    0.00    0.00    0.00    0.00    0.00    0.00    0.00  100.00
12:43:58       5    0.00    0.00    0.00    0.00    0.00    0.00    0.00    0.00  100.00
12:43:58       6    0.00    0.00    0.00    0.00    0.00    0.00    0.00    0.00  100.00
12:43:58       7    0.00    0.00    0.00    0.00    0.00    0.00    0.00    0.00  100.00
12:43:58       8   93.00    0.00    0.00    0.00    0.00    0.00    0.00    0.00    7.00
12:43:58       9    0.00    0.00    0.00    0.00    0.00    0.00    0.00    0.00  100.00
12:43:58      10    0.00    0.00    0.00    0.00    0.00    0.00    0.00    0.00  100.00
12:43:58      11    0.00    0.00    0.00    0.00    0.00    0.00    0.00    0.00  100.00
12:43:58      12    0.00    0.00    0.00    0.00    0.00    0.00    0.00    0.00  100.00
12:43:58      13    0.00    0.00    0.00    0.00    0.00    0.00    0.00    0.00  100.00
12:43:58      14    0.00    0.00    0.00    0.00    0.00    0.00    0.00    0.00  100.00
12:43:58      15    0.00    0.00    0.00    0.00    0.00    0.00    0.00    0.00  100.00
12:43:58      16   94.06    0.00    0.00    0.00    0.00    0.00    0.00    0.00    5.94
12:43:58      17    0.00    0.00    0.00    0.00    0.00    0.00    0.00    0.00  100.00
12:43:58      18   92.08    0.00    0.00    0.00    0.00    0.00    0.00    0.00    7.92
12:43:58      19    0.00    0.00    0.00    0.00    0.00    0.00    0.00    0.00  100.00
12:43:58      20  100.00    0.00    0.00    0.00    0.00    0.00    0.00    0.00    0.00
12:43:58      21   91.09    0.00    0.00    0.00    0.00    0.00    0.00    0.00    8.91
12:43:58      22   91.09    0.00    0.00    0.00    0.00    0.00    0.00    0.00    8.91
12:43:58      23   92.00    0.00    0.00    0.00    0.00    0.00    0.00    0.00    8.00
12:43:58      24    0.00    0.00    2.97    0.00    0.00    0.00    0.00    0.00   97.03
12:43:58      25  100.00    0.00    0.00    0.00    0.00    0.00    0.00    0.00    0.00
12:43:58      26  100.00    0.00    0.00    0.00    0.00    0.00    0.00    0.00    0.00
12:43:58      27   91.09    0.00    0.00    0.00    0.00    0.00    0.00    0.00    8.91
12:43:58      28   92.00    0.00    0.00    0.00    0.00    0.00    0.00    0.00    8.00
12:43:58      29   91.09    0.00    0.00    0.00    0.00    0.00    0.00    0.00    8.91
12:43:58      30   91.00    0.00    0.00    0.00    0.00    0.00    0.00    0.00    9.00
12:43:58      31   91.09    0.00    0.00    0.00    0.00    0.00    0.00    0.00    8.91

12:43:58     CPU    %usr   %nice    %sys %iowait    %irq   %soft  %steal  %guest   %idle
12:43:59     all   47.00    0.00    0.06    0.00    0.00    0.00    0.00    0.00   52.94
12:43:59       0    1.01    0.00    1.01    0.00    0.00    0.00    0.00    0.00   97.98
12:43:59       1  100.00    0.00    0.00    0.00    0.00    0.00    0.00    0.00    0.00
12:43:59       2    0.00    0.00    0.00    0.00    0.00    0.00    0.00    0.00  100.00
12:43:59       3   92.00    0.00    0.00    0.00    0.00    0.00    0.00    0.00    8.00
12:43:59       4    0.00    0.00    0.00    0.00    0.00    0.00    0.00    0.00  100.00
12:43:59       5    0.00    0.00    0.00    0.00    0.00    0.00    0.00    0.00  100.00
12:43:59       6    0.00    0.00    0.00    0.00    0.00    0.00    0.00    0.00  100.00
12:43:59       7    0.00    0.00    0.00    0.00    0.00    0.00    0.00    0.00  100.00
12:43:59       8   92.00    0.00    0.00    0.00    0.00    0.00    0.00    0.00    8.00
12:43:59       9    0.00    0.00    0.00    0.00    0.00    0.00    0.00    0.00  100.00
12:43:59      10    0.00    0.00    0.00    0.00    0.00    0.00    0.00    0.00  100.00
12:43:59      11    0.00    0.00    0.00    0.00    0.00    0.00    0.00    0.00  100.00
12:43:59      12    0.00    0.00    0.99    0.00    0.00    0.00    0.00    0.00   99.01
12:43:59      13    0.00    0.00    0.00    0.00    0.00    0.00    0.00    0.00  100.00
12:43:59      14    0.00    0.00    0.00    0.00    0.00    0.00    0.00    0.00  100.00
12:43:59      15    0.00    0.00    0.00    0.00    0.00    0.00    0.00    0.00  100.00
12:43:59      16   94.00    0.00    0.00    0.00    0.00    0.00    0.00    0.00    6.00
12:43:59      17    0.00    0.00    0.00    0.00    0.00    0.00    0.00    0.00  100.00
12:43:59      18   92.00    0.00    0.00    0.00    0.00    0.00    0.00    0.00    8.00
12:43:59      19    0.00    0.00    0.00    0.00    0.00    0.00    0.00    0.00  100.00
12:43:59      20  100.00    0.00    0.00    0.00    0.00    0.00    0.00    0.00    0.00
12:43:59      21   92.00    0.00    0.00    0.00    0.00    0.00    0.00    0.00    8.00
12:43:59      22   92.00    0.00    0.00    0.00    0.00    0.00    0.00    0.00    8.00
12:43:59      23   91.92    0.00    0.00    0.00    0.00    0.00    0.00    0.00    8.08
12:43:59      24    0.00    0.00    0.00    0.00    0.00    0.00    0.00    0.00  100.00
12:43:59      25  100.00    0.00    0.00    0.00    0.00    0.00    0.00    0.00    0.00
12:43:59      26  100.00    0.00    0.00    0.00    0.00    0.00    0.00    0.00    0.00
12:43:59      27   91.92    0.00    0.00    0.00    0.00    0.00    0.00    0.00    8.08
12:43:59      28   92.00    0.00    0.00    0.00    0.00    0.00    0.00    0.00    8.00
12:43:59      29   92.00    0.00    0.00    0.00    0.00    0.00    0.00    0.00    8.00
12:43:59      30   92.00    0.00    0.00    0.00    0.00    0.00    0.00    0.00    8.00
12:43:59      31   91.00    0.00    0.00    0.00    0.00    0.00    0.00    0.00    9.00

12:43:59     CPU    %usr   %nice    %sys %iowait    %irq   %soft  %steal  %guest   %idle
12:44:00     all   47.04    0.00    0.03    0.00    0.00    0.00    0.00    0.00   52.92
12:44:00       0    0.00    0.00    2.02    0.00    0.00    0.00    0.00    0.00   97.98
12:44:00       1  100.00    0.00    0.00    0.00    0.00    0.00    0.00    0.00    0.00
12:44:00       2    0.00    0.00    0.00    0.00    0.00    0.99    0.00    0.00   99.01
12:44:00       3   92.00    0.00    0.00    0.00    0.00    0.00    0.00    0.00    8.00
12:44:00       4    0.00    0.00    0.00    0.00    0.00    0.00    0.00    0.00  100.00
12:44:00       5    0.00    0.00    0.00    0.00    0.00    0.00    0.00    0.00  100.00
12:44:00       6    0.00    0.00    0.00    0.00    0.00    0.00    0.00    0.00  100.00
12:44:00       7    0.00    0.00    0.00    0.00    0.00    0.00    0.00    0.00  100.00
12:44:00       8   92.00    0.00    0.00    0.00    0.00    0.00    0.00    0.00    8.00
12:44:00       9    0.00    0.00    0.99    0.00    0.00    0.00    0.00    0.00   99.01
12:44:00      10    0.00    0.00    0.00    0.00    0.00    0.00    0.00    0.00  100.00
12:44:00      11    0.00    0.00    0.00    0.00    0.00    0.00    0.00    0.00  100.00
12:44:00      12    0.00    0.00    0.00    0.00    0.00    0.00    0.00    0.00  100.00
12:44:00      13    0.00    0.00    0.00    0.00    0.00    0.00    0.00    0.00  100.00
12:44:00      14    0.00    0.00    0.00    0.00    0.00    0.00    0.00    0.00  100.00
12:44:00      15    0.00    0.00    0.00    0.00    0.00    0.00    0.00    0.00  100.00
12:44:00      16   94.95    0.00    0.00    0.00    0.00    0.00    0.00    0.00    5.05
12:44:00      17    0.00    0.00    0.00    0.00    0.00    0.00    0.00    0.00  100.00
12:44:00      18   92.00    0.00    0.00    0.00    0.00    0.00    0.00    0.00    8.00
12:44:00      19    0.00    0.00    0.00    0.00    0.00    0.00    0.00    0.00  100.00
12:44:00      20  100.00    0.00    0.00    0.00    0.00    0.00    0.00    0.00    0.00
12:44:00      21   92.00    0.00    0.00    0.00    0.00    0.00    0.00    0.00    8.00
12:44:00      22   91.92    0.00    0.00    0.00    0.00    0.00    0.00    0.00    8.08
12:44:00      23   91.09    0.00    0.00    0.00    0.00    0.00    0.00    0.00    8.91
12:44:00      24    0.00    0.00    0.00    0.00    0.00    0.00    0.00    0.00  100.00
12:44:00      25  100.00    0.00    0.00    0.00    0.00    0.00    0.00    0.00    0.00
12:44:00      26  100.00    0.00    0.00    0.00    0.00    0.00    0.00    0.00    0.00
12:44:00      27   91.09    0.00    0.00    0.00    0.00    0.00    0.00    0.00    8.91
12:44:00      28   92.00    0.00    0.00    0.00    0.00    0.00    0.00    0.00    8.00
12:44:00      29   91.92    0.00    0.00    0.00    0.00    0.00    0.00    0.00    8.08
12:44:00      30   91.00    0.00    0.00    0.00    0.00    0.00    0.00    0.00    9.00
12:44:00      31   91.92    0.00    0.00    0.00    0.00    0.00    0.00    0.00    8.08

12:44:00     CPU    %usr   %nice    %sys %iowait    %irq   %soft  %steal  %guest   %idle
12:44:01     all   47.01    0.00    0.06    0.00    0.00    0.00    0.00    0.00   52.92
12:44:01       0    0.00    0.00    1.03    0.00    0.00    0.00    0.00    0.00   98.97
12:44:01       1  100.00    0.00    0.00    0.00    0.00    0.00    0.00    0.00    0.00
12:44:01       2    0.00    0.00    0.00    0.00    0.00    0.00    0.00    0.00  100.00
12:44:01       3   92.00    0.00    0.00    0.00    0.00    0.00    0.00    0.00    8.00
12:44:01       4    0.00    0.00    0.00    0.00    0.00    0.00    0.00    0.00  100.00
12:44:01       5    0.00    0.00    0.00    0.00    0.00    0.00    0.00    0.00  100.00
12:44:01       6    0.00    0.00    0.00    0.00    0.00    0.00    0.00    0.00  100.00
12:44:01       7    0.00    0.00    0.00    0.00    0.00    0.00    0.00    0.00  100.00
12:44:01       8   92.00    0.00    0.00    0.00    0.00    0.00    0.00    0.00    8.00
12:44:01       9    0.00    0.00    0.00    0.00    0.00    0.00    0.00    0.00  100.00
12:44:01      10    0.00    0.00    0.00    0.00    0.00    0.00    0.00    0.00  100.00
12:44:01      11    0.00    0.00    0.00    0.00    0.00    0.00    0.00    0.00  100.00
12:44:01      12    0.00    0.00    0.00    0.00    0.00    0.00    0.00    0.00  100.00
12:44:01      13    0.00    0.00    0.00    0.00    0.00    0.00    0.00    0.00  100.00
12:44:01      14    0.00    0.00    0.00    0.00    0.00    0.00    0.00    0.00  100.00
12:44:01      15    0.00    0.00    0.00    0.00    0.00    0.00    0.00    0.00  100.00
12:44:01      16   94.00    0.00    0.00    0.00    0.00    0.00    0.00    0.00    6.00
12:44:01      17    0.00    0.00    0.00    0.00    0.00    0.00    0.00    0.00  100.00
12:44:01      18   92.93    0.00    0.00    0.00    0.00    0.00    0.00    0.00    7.07
12:44:01      19    0.00    0.00    0.00    0.00    0.00    0.00    0.00    0.00  100.00
12:44:01      20  100.00    0.00    0.00    0.00    0.00    0.00    0.00    0.00    0.00
12:44:01      21   92.00    0.00    0.00    0.00    0.00    0.00    0.00    0.00    8.00
12:44:01      22   92.00    0.00    0.00    0.00    0.00    0.00    0.00    0.00    8.00
12:44:01      23   91.92    0.00    0.00    0.00    0.00    0.00    0.00    0.00    8.08
12:44:01      24    0.00    0.00    0.00    0.00    0.00    0.00    0.00    0.00  100.00
12:44:01      25  100.00    0.00    0.00    0.00    0.00    0.00    0.00    0.00    0.00
12:44:01      26  100.00    0.00    0.00    0.00    0.00    0.00    0.00    0.00    0.00
12:44:01      27   92.00    0.00    0.00    0.00    0.00    0.00    0.00    0.00    8.00
12:44:01      28   92.00    0.00    0.00    0.00    0.00    0.00    0.00    0.00    8.00
12:44:01      29   92.00    0.00    0.00    0.00    0.00    0.00    0.00    0.00    8.00
12:44:01      30   92.00    0.00    0.00    0.00    0.00    0.00    0.00    0.00    8.00
12:44:01      31   91.00    0.00    0.00    0.00    0.00    0.00    0.00    0.00    9.00

12:44:01     CPU    %usr   %nice    %sys %iowait    %irq   %soft  %steal  %guest   %idle
12:44:02     all   46.95    0.00    0.06    0.00    0.00    0.00    0.00    0.00   52.99
12:44:02       0    0.00    0.00    2.02    0.00    0.00    0.00    0.00    0.00   97.98
12:44:02       1   99.01    0.00    0.00    0.00    0.00    0.00    0.00    0.00    0.99
12:44:02       2    0.00    0.00    0.00    0.00    0.00    0.00    0.00    0.00  100.00
12:44:02       3   91.09    0.00    0.00    0.00    0.00    0.00    0.00    0.00    8.91
12:44:02       4    0.00    0.00    0.00    0.00    0.00    0.00    0.00    0.00  100.00
12:44:02       5    0.00    0.00    0.00    0.00    0.00    0.00    0.00    0.00  100.00
12:44:02       6    0.00    0.00    0.00    0.00    0.00    0.00    0.00    0.00  100.00
12:44:02       7    0.00    0.00    0.00    0.00    0.00    0.00    0.00    0.00  100.00
12:44:02       8   91.00    0.00    0.00    0.00    0.00    0.00    0.00    0.00    9.00
12:44:02       9    0.00    0.00    0.00    0.00    0.00    0.00    0.00    0.00  100.00
12:44:02      10    0.00    0.00    1.00    0.00    0.00    0.00    0.00    0.00   99.00
12:44:02      11    0.00    0.00    0.00    0.00    0.00    0.00    0.00    0.00  100.00
12:44:02      12    0.00    0.00    0.00    0.00    0.00    0.00    0.00    0.00  100.00
12:44:02      13    0.00    0.00    0.00    0.00    0.00    0.00    0.00    0.00  100.00
12:44:02      14    0.00    0.00    0.00    0.00    0.00    0.00    0.00    0.00  100.00
12:44:02      15    0.00    0.00    0.00    0.00    0.00    0.00    0.00    0.00  100.00
12:44:02      16   94.06    0.00    0.00    0.00    0.00    0.00    0.00    0.00    5.94
12:44:02      17    0.00    0.00    0.00    0.00    0.00    0.00    0.00    0.00  100.00
12:44:02      18   92.00    0.00    0.00    0.00    0.00    0.00    0.00    0.00    8.00
12:44:02      19    0.00    0.00    0.00    0.00    0.00    0.00    0.00    0.00  100.00
12:44:02      20  100.00    0.00    0.00    0.00    0.00    0.00    0.00    0.00    0.00
12:44:02      21   91.92    0.00    0.00    0.00    0.00    0.00    0.00    0.00    8.08
12:44:02      22   92.00    0.00    0.00    0.00    0.00    0.00    0.00    0.00    8.00
12:44:02      23   91.92    0.00    0.00    0.00    0.00    0.00    0.00    0.00    8.08
12:44:02      24    0.00    0.00    0.00    0.00    0.00    0.00    0.00    0.00  100.00
12:44:02      25   99.01    0.00    0.99    0.00    0.00    0.00    0.00    0.00    0.00
12:44:02      26  100.00    0.00    0.00    0.00    0.00    0.00    0.00    0.00    0.00
12:44:02      27   91.09    0.00    0.00    0.00    0.00    0.00    0.00    0.00    8.91
12:44:02      28   92.00    0.00    0.00    0.00    0.00    0.00    0.00    0.00    8.00
12:44:02      29   92.00    0.00    0.00    0.00    0.00    0.00    0.00    0.00    8.00
12:44:02      30   91.00    0.00    0.00    0.00    0.00    0.00    0.00    0.00    9.00
12:44:02      31   91.00    0.00    0.00    0.00    0.00    0.00    0.00    0.00    9.00

12:44:02     CPU    %usr   %nice    %sys %iowait    %irq   %soft  %steal  %guest   %idle
12:44:03     all   47.06    0.00    0.06    0.00    0.00    0.00    0.00    0.00   52.88
12:44:03       0    0.00    0.00    1.02    0.00    0.00    0.00    0.00    0.00   98.98
12:44:03       1  100.00    0.00    0.00    0.00    0.00    0.00    0.00    0.00    0.00
12:44:03       2    0.00    0.00    0.00    0.00    0.00    0.00    0.00    0.00  100.00
12:44:03       3   92.00    0.00    0.00    0.00    0.00    0.00    0.00    0.00    8.00
12:44:03       4    0.00    0.00    0.00    0.00    0.00    0.00    0.00    0.00  100.00
12:44:03       5    0.00    0.00    0.00    0.00    0.00    0.00    0.00    0.00  100.00
12:44:03       6    0.00    0.00    0.00    0.00    0.00    0.00    0.00    0.00  100.00
12:44:03       7    0.00    0.00    0.00    0.00    0.00    0.00    0.00    0.00  100.00
12:44:03       8   92.00    0.00    0.00    0.00    0.00    0.00    0.00    0.00    8.00
12:44:03       9    0.00    0.00    0.00    0.00    0.00    0.00    0.00    0.00  100.00
12:44:03      10    0.00    0.00    0.00    0.00    0.00    0.00    0.00    0.00  100.00
12:44:03      11    0.00    0.00    0.00    0.00    0.00    0.00    0.00    0.00  100.00
12:44:03      12    0.00    0.00    0.00    0.00    0.00    0.00    0.00    0.00  100.00
12:44:03      13    0.00    0.00    0.00    0.00    0.00    0.00    0.00    0.00  100.00
12:44:03      14    0.00    0.00    0.00    0.00    0.00    0.00    0.00    0.00  100.00
12:44:03      15    0.00    0.00    0.00    0.00    0.00    0.00    0.00    0.00  100.00
12:44:03      16   94.95    0.00    0.00    0.00    0.00    0.00    0.00    0.00    5.05
12:44:03      17    0.00    0.00    0.00    0.00    0.00    0.00    0.00    0.00  100.00
12:44:03      18   94.00    0.00    0.00    0.00    0.00    0.00    0.00    0.00    6.00
12:44:03      19    0.00    0.00    0.00    0.00    0.00    0.00    0.00    0.00  100.00
12:44:03      20  100.00    0.00    0.00    0.00    0.00    0.00    0.00    0.00    0.00
12:44:03      21   92.00    0.00    0.00    0.00    0.00    0.00    0.00    0.00    8.00
12:44:03      22   91.92    0.00    0.00    0.00    0.00    0.00    0.00    0.00    8.08
12:44:03      23   92.00    0.00    0.00    0.00    0.00    0.00    0.00    0.00    8.00
12:44:03      24    0.00    0.00    0.00    0.00    0.00    0.00    0.00    0.00  100.00
12:44:03      25  100.00    0.00    0.00    0.00    0.00    0.00    0.00    0.00    0.00
12:44:03      26  100.00    0.00    0.00    0.00    0.00    0.00    0.00    0.00    0.00
12:44:03      27   91.00    0.00    0.00    0.00    0.00    0.00    0.00    0.00    9.00
12:44:03      28   92.00    0.00    0.00    0.00    0.00    0.00    0.00    0.00    8.00
12:44:03      29   91.09    0.00    0.00    0.00    0.00    0.00    0.00    0.00    8.91
12:44:03      30   91.09    0.00    0.00    0.00    0.00    0.00    0.00    0.00    8.91
12:44:03      31   91.00    0.00    0.00    0.00    0.00    0.00    0.00    0.00    9.00

12:44:03     CPU    %usr   %nice    %sys %iowait    %irq   %soft  %steal  %guest   %idle
12:44:04     all   47.09    0.00    0.06    0.00    0.00    0.00    0.00    0.00   52.85
12:44:04       0    0.00    0.00    1.02    0.00    0.00    0.00    0.00    0.00   98.98
12:44:04       1  100.00    0.00    0.00    0.00    0.00    0.00    0.00    0.00    0.00
12:44:04       2    0.00    0.00    0.00    0.00    0.00    0.00    0.00    0.00  100.00
12:44:04       3   91.92    0.00    0.00    0.00    0.00    0.00    0.00    0.00    8.08
12:44:04       4    0.00    0.00    0.00    0.00    0.00    0.00    0.00    0.00  100.00
12:44:04       5    0.00    0.00    0.00    0.00    0.00    0.00    0.00    0.00  100.00
12:44:04       6    0.00    0.00    0.00    0.00    0.00    0.00    0.00    0.00  100.00
12:44:04       7    0.00    0.00    0.00    0.00    0.00    0.00    0.00    0.00  100.00
12:44:04       8   92.00    0.00    0.00    0.00    0.00    0.00    0.00    0.00    8.00
12:44:04       9    0.00    0.00    0.00    0.00    0.00    0.00    0.00    0.00  100.00
12:44:04      10    0.00    0.00    0.00    0.00    0.00    0.00    0.00    0.00  100.00
12:44:04      11    0.00    0.00    0.00    0.00    0.00    0.00    0.00    0.00  100.00
12:44:04      12    0.00    0.00    0.00    0.00    0.00    0.00    0.00    0.00  100.00
12:44:04      13    0.00    0.00    0.00    0.00    0.00    0.00    0.00    0.00  100.00
12:44:04      14    0.00    0.00    0.00    0.00    0.00    0.00    0.00    0.00  100.00
12:44:04      15    0.00    0.00    0.00    0.00    0.00    0.00    0.00    0.00  100.00
12:44:04      16   93.94    0.00    0.00    0.00    0.00    0.00    0.00    0.00    6.06
12:44:04      17    0.00    0.00    0.00    0.00    0.00    0.00    0.00    0.00  100.00
12:44:04      18   93.00    0.00    0.00    0.00    0.00    0.00    0.00    0.00    7.00
12:44:04      19    0.00    0.00    0.00    0.00    0.00    0.00    0.00    0.00  100.00
12:44:04      20  100.00    0.00    0.00    0.00    0.00    0.00    0.00    0.00    0.00
12:44:04      21   91.00    0.00    0.00    0.00    0.00    0.00    0.00    0.00    9.00
12:44:04      22   92.08    0.00    0.00    0.00    0.00    0.00    0.00    0.00    7.92
12:44:04      23   91.09    0.00    0.00    0.00    0.00    0.00    0.00    0.00    8.91
12:44:04      24    0.00    0.00    0.00    0.00    0.00    0.00    0.00    0.00  100.00
12:44:04      25  100.00    0.00    0.00    0.00    0.00    0.00    0.00    0.00    0.00
12:44:04      26  100.00    0.00    0.00    0.00    0.00    0.00    0.00    0.00    0.00
12:44:04      27   92.00    0.00    0.00    0.00    0.00    0.00    0.00    0.00    8.00
12:44:04      28   92.00    0.00    0.00    0.00    0.00    0.00    0.00    0.00    8.00
12:44:04      29   91.09    0.00    0.99    0.00    0.00    0.00    0.00    0.00    7.92
12:44:04      30   91.00    0.00    0.00    0.00    0.00    0.00    0.00    0.00    9.00
12:44:04      31   91.00    0.00    0.00    0.00    0.00    0.00    0.00    0.00    9.00

12:44:04     CPU    %usr   %nice    %sys %iowait    %irq   %soft  %steal  %guest   %idle
12:44:05     all   45.16    0.00    0.06    0.00    0.00    0.00    0.00    0.00   54.78
12:44:05       0    0.00    0.00    1.02    0.00    0.00    0.00    0.00    0.00   98.98
12:44:05       1   96.97    0.00    0.00    0.00    0.00    0.00    0.00    0.00    3.03
12:44:05       2    0.00    0.00    0.00    0.00    0.00    0.00    0.00    0.00  100.00
12:44:05       3   88.00    0.00    0.00    0.00    0.00    0.00    0.00    0.00   12.00
12:44:05       4    0.00    0.00    0.00    0.00    0.00    0.00    0.00    0.00  100.00
12:44:05       5    0.00    0.00    0.00    0.00    0.00    0.00    0.00    0.00  100.00
12:44:05       6    0.00    0.00    0.00    0.00    0.00    0.00    0.00    0.00  100.00
12:44:05       7    0.00    0.00    0.00    0.00    0.00    0.00    0.00    0.00  100.00
12:44:05       8   87.88    0.00    0.00    0.00    0.00    0.00    0.00    0.00   12.12
12:44:05       9    0.00    0.00    0.00    0.00    0.00    0.00    0.00    0.00  100.00
12:44:05      10    0.00    0.00    0.00    0.00    0.00    0.00    0.00    0.00  100.00
12:44:05      11    0.00    0.00    0.00    0.00    0.00    0.00    0.00    0.00  100.00
12:44:05      12    0.99    0.00    0.00    0.00    0.00    0.00    0.00    0.00   99.01
12:44:05      13    0.00    0.00    0.00    0.00    0.00    0.00    0.00    0.00  100.00
12:44:05      14    0.00    0.00    0.00    0.00    0.00    0.00    0.00    0.00  100.00
12:44:05      15    0.00    0.00    0.00    0.00    0.00    0.00    0.00    0.00  100.00
12:44:05      16   91.00    0.00    0.00    0.00    0.00    0.00    0.00    0.00    9.00
12:44:05      17    0.00    0.00    0.00    0.00    0.00    0.00    0.00    0.00  100.00
12:44:05      18   88.89    0.00    0.00    0.00    0.00    0.00    0.00    0.00   11.11
12:44:05      19    0.00    0.00    0.00    0.00    0.00    0.00    0.00    0.00  100.00
12:44:05      20   96.04    0.00    0.00    0.00    0.00    0.00    0.00    0.00    3.96
12:44:05      21   88.00    0.00    0.00    0.00    0.00    0.00    0.00    0.00   12.00
12:44:05      22   88.00    0.00    0.00    0.00    0.00    0.00    0.00    0.00   12.00
12:44:05      23   88.00    0.00    0.00    0.00    0.00    0.00    0.00    0.00   12.00
12:44:05      24    0.00    0.00    0.00    0.00    0.00    0.00    0.00    0.00  100.00
12:44:05      25   96.00    0.00    0.00    0.00    0.00    0.00    0.00    0.00    4.00
12:44:05      26   95.05    0.00    0.00    0.00    0.00    0.00    0.00    0.00    4.95
12:44:05      27   87.00    0.00    0.00    0.00    0.00    0.00    0.00    0.00   13.00
12:44:05      28   94.95    0.00    0.00    0.00    0.00    0.00    0.00    0.00    5.05
12:44:05      29   87.00    0.00    0.00    0.00    0.00    0.00    0.00    0.00   13.00
12:44:05      30   87.00    0.00    0.00    0.00    0.00    0.00    0.00    0.00   13.00
12:44:05      31   87.00    0.00    0.00    0.00    0.00    0.00    0.00    0.00   13.00

12:44:05     CPU    %usr   %nice    %sys %iowait    %irq   %soft  %steal  %guest   %idle
12:44:06     all   46.98    0.00    0.09    0.00    0.00    0.00    0.00    0.00   52.92
12:44:06       0    0.00    0.00    2.02    0.00    0.00    0.00    0.00    0.00   97.98
12:44:06       1  100.00    0.00    0.00    0.00    0.00    0.00    0.00    0.00    0.00
12:44:06       2    0.00    0.00    0.00    0.00    0.00    0.00    0.00    0.00  100.00
12:44:06       3   91.09    0.00    0.00    0.00    0.00    0.00    0.00    0.00    8.91
12:44:06       4    0.00    0.00    0.00    0.00    0.00    0.00    0.00    0.00  100.00
12:44:06       5    0.00    0.00    0.00    0.00    0.00    0.00    0.00    0.00  100.00
12:44:06       6    0.00    0.00    0.00    0.00    0.00    0.00    0.00    0.00  100.00
12:44:06       7    0.00    0.00    0.00    0.00    0.00    0.00    0.00    0.00  100.00
12:44:06       8   91.00    0.00    0.00    0.00    0.00    0.00    0.00    0.00    9.00
12:44:06       9    0.00    0.00    0.00    0.00    0.00    0.00    0.00    0.00  100.00
12:44:06      10    0.00    0.00    0.00    0.00    0.00    0.00    0.00    0.00  100.00
12:44:06      11    0.00    0.00    0.00    0.00    0.00    0.00    0.00    0.00  100.00
12:44:06      12    0.00    0.00    0.00    0.00    0.00    0.00    0.00    0.00  100.00
12:44:06      13    0.00    0.00    0.00    0.00    0.00    0.00    0.00    0.00  100.00
12:44:06      14    0.00    0.00    0.00    0.00    0.00    0.00    0.00    0.00  100.00
12:44:06      15    0.00    0.00    0.00    0.00    0.00    0.00    0.00    0.00  100.00
12:44:06      16   94.00    0.00    0.00    0.00    0.00    0.00    0.00    0.00    6.00
12:44:06      17    0.00    0.00    0.00    0.00    0.00    0.00    0.00    0.00  100.00
12:44:06      18   92.00    0.00    0.00    0.00    0.00    0.00    0.00    0.00    8.00
12:44:06      19    0.00    0.00    0.00    0.00    0.00    0.00    0.00    0.00  100.00
12:44:06      20  100.00    0.00    0.00    0.00    0.00    0.00    0.00    0.00    0.00
12:44:06      21   92.00    0.00    0.00    0.00    0.00    0.00    0.00    0.00    8.00
12:44:06      22   91.92    0.00    0.00    0.00    0.00    0.00    0.00    0.00    8.08
12:44:06      23   92.00    0.00    0.00    0.00    0.00    0.00    0.00    0.00    8.00
12:44:06      24    0.00    0.00    0.00    0.00    0.00    0.00    0.00    0.00  100.00
12:44:06      25  100.00    0.00    0.00    0.00    0.00    0.00    0.00    0.00    0.00
12:44:06      26  100.00    0.00    0.00    0.00    0.00    0.00    0.00    0.00    0.00
12:44:06      27   91.00    0.00    0.00    0.00    0.00    0.00    0.00    0.00    9.00
12:44:06      28   92.00    0.00    0.00    0.00    0.00    0.00    0.00    0.00    8.00
12:44:06      29   92.00    0.00    0.00    0.00    0.00    0.00    0.00    0.00    8.00
12:44:06      30   92.00    0.00    0.00    0.00    0.00    0.00    0.00    0.00    8.00
12:44:06      31   91.00    0.00    0.00    0.00    0.00    0.00    0.00    0.00    9.00

12:44:06     CPU    %usr   %nice    %sys %iowait    %irq   %soft  %steal  %guest   %idle
12:44:07     all   46.90    0.00    0.06    0.00    0.00    0.00    0.00    0.00   53.04
12:44:07       0    0.00    0.00    1.02    0.00    0.00    0.00    0.00    0.00   98.98
12:44:07       1  100.00    0.00    0.00    0.00    0.00    0.00    0.00    0.00    0.00
12:44:07       2    0.00    0.00    0.00    0.00    0.00    0.00    0.00    0.00  100.00
12:44:07       3   92.00    0.00    0.00    0.00    0.00    0.00    0.00    0.00    8.00
12:44:07       4    0.00    0.00    0.00    0.00    0.00    0.00    0.00    0.00  100.00
12:44:07       5    0.00    0.00    0.00    0.00    0.00    0.00    0.00    0.00  100.00
12:44:07       6    0.00    0.00    0.00    0.00    0.00    0.00    0.00    0.00  100.00
12:44:07       7    0.00    0.00    0.00    0.00    0.00    0.00    0.00    0.00  100.00
12:44:07       8   92.00    0.00    0.00    0.00    0.00    0.00    0.00    0.00    8.00
12:44:07       9    0.00    0.00    0.00    0.00    0.00    0.00    0.00    0.00  100.00
12:44:07      10    0.00    0.00    0.00    0.00    0.00    0.00    0.00    0.00  100.00
12:44:07      11    0.00    0.00    0.00    0.00    0.00    0.00    0.00    0.00  100.00
12:44:07      12    0.00    0.00    0.00    0.00    0.00    0.00    0.00    0.00  100.00
12:44:07      13    0.00    0.00    0.00    0.00    0.00    0.00    0.00    0.00  100.00
12:44:07      14    0.00    0.00    0.00    0.00    0.00    0.00    0.00    0.00  100.00
12:44:07      15    0.00    0.00    0.00    0.00    0.00    0.00    0.00    0.00  100.00
12:44:07      16   93.94    0.00    0.00    0.00    0.00    0.00    0.00    0.00    6.06
12:44:07      17    0.00    0.00    0.00    0.00    0.00    0.00    0.00    0.00  100.00
12:44:07      18   92.00    0.00    0.00    0.00    0.00    0.00    0.00    0.00    8.00
12:44:07      19    0.00    0.00    0.00    0.00    0.00    0.00    0.00    0.00  100.00
12:44:07      20  100.00    0.00    0.00    0.00    0.00    0.00    0.00    0.00    0.00
12:44:07      21   92.00    0.00    0.00    0.00    0.00    0.00    0.00    0.00    8.00
12:44:07      22   91.09    0.00    0.00    0.00    0.00    0.00    0.00    0.00    8.91
12:44:07      23   91.92    0.00    0.00    0.00    0.00    0.00    0.00    0.00    8.08
12:44:07      24    0.00    0.00    0.00    0.00    0.00    0.00    0.00    0.00  100.00
12:44:07      25  100.00    0.00    0.00    0.00    0.00    0.00    0.00    0.00    0.00
12:44:07      26  100.00    0.00    0.00    0.00    0.00    0.00    0.00    0.00    0.00
12:44:07      27   91.09    0.00    0.00    0.00    0.00    0.00    0.00    0.00    8.91
12:44:07      28   91.09    0.00    0.00    0.00    0.00    0.00    0.00    0.00    8.91
12:44:07      29   91.00    0.00    0.00    0.00    0.00    0.00    0.00    0.00    9.00
12:44:07      30   91.00    0.00    0.00    0.00    0.00    0.00    0.00    0.00    9.00
12:44:07      31   91.00    0.00    0.00    0.00    0.00    0.00    0.00    0.00    9.00

12:44:07     CPU    %usr   %nice    %sys %iowait    %irq   %soft  %steal  %guest   %idle
12:44:08     all    1.03    0.00    0.06    0.00    0.00    0.00    0.00    0.00   98.90
12:44:08       0    0.00    0.00    2.04    0.00    0.00    0.00    0.00    0.00   97.96
12:44:08       1    2.00    0.00    0.00    0.00    0.00    0.00    0.00    0.00   98.00
12:44:08       2    0.00    0.00    0.00    0.00    0.00    0.00    0.00    0.00  100.00
12:44:08       3    2.00    0.00    0.00    0.00    0.00    0.00    0.00    0.00   98.00
12:44:08       4    0.00    0.00    0.00    0.00    0.00    0.00    0.00    0.00  100.00
12:44:08       5    0.00    0.00    0.00    0.00    0.00    0.00    0.00    0.00  100.00
12:44:08       6    0.00    0.00    0.00    0.00    0.00    0.00    0.00    0.00  100.00
12:44:08       7    0.00    0.00    0.00    0.00    0.00    0.00    0.00    0.00  100.00
12:44:08       8    2.00    0.00    0.00    0.00    0.00    0.00    0.00    0.00   98.00
12:44:08       9    0.00    0.00    0.00    0.00    0.00    0.00    0.00    0.00  100.00
12:44:08      10    0.00    0.00    0.00    0.00    0.00    0.00    0.00    0.00  100.00
12:44:08      11    0.00    0.00    0.00    0.00    0.00    0.00    0.00    0.00  100.00
12:44:08      12    0.00    0.00    0.00    0.00    0.00    0.00    0.00    0.00  100.00
12:44:08      13    0.00    0.00    0.00    0.00    0.00    0.00    0.00    0.00  100.00
12:44:08      14    0.00    0.00    0.00    0.00    0.00    0.00    0.00    0.00  100.00
12:44:08      15    0.00    0.00    0.00    0.00    0.00    0.00    0.00    0.00  100.00
12:44:08      16    3.03    0.00    0.00    0.00    0.00    0.00    0.00    0.00   96.97
12:44:08      17    0.00    0.00    0.00    0.00    0.00    0.00    0.00    0.00  100.00
12:44:08      18    2.00    0.00    0.00    0.00    0.00    0.00    0.00    0.00   98.00
12:44:08      19    0.00    0.00    0.00    0.00    0.00    0.00    0.00    0.00  100.00
12:44:08      20    2.00    0.00    0.00    0.00    0.00    0.00    0.00    0.00   98.00
12:44:08      21    2.00    0.00    0.00    0.00    0.00    0.00    0.00    0.00   98.00
12:44:08      22    2.00    0.00    0.00    0.00    0.00    0.00    0.00    0.00   98.00
12:44:08      23    2.00    0.00    0.00    0.00    0.00    0.00    0.00    0.00   98.00
12:44:08      24    0.00    0.00    0.00    0.00    0.00    0.00    0.00    0.00  100.00
12:44:08      25    2.97    0.00    0.00    0.00    0.00    0.00    0.00    0.00   97.03
12:44:08      26    2.02    0.00    0.00    0.00    0.00    0.00    0.00    0.00   97.98
12:44:08      27    2.00    0.00    0.00    0.00    0.00    0.00    0.00    0.00   98.00
12:44:08      28    2.00    0.00    0.00    0.00    0.00    0.00    0.00    0.00   98.00
12:44:08      29    3.00    0.00    0.00    0.00    0.00    0.00    0.00    0.00   97.00
12:44:08      30    2.00    0.00    0.00    0.00    0.00    0.00    0.00    0.00   98.00
12:44:08      31    2.00    0.00    0.00    0.00    0.00    0.00    0.00    0.00   98.00

12:44:08     CPU    %usr   %nice    %sys %iowait    %irq   %soft  %steal  %guest   %idle
12:44:09     all    0.03    0.00    0.06    0.00    0.00    0.00    0.00    0.00   99.91
12:44:09       0    0.00    0.00    1.01    0.00    0.00    0.00    0.00    0.00   98.99
12:44:09       1    0.00    0.00    0.00    0.00    0.00    0.00    0.00    0.00  100.00
12:44:09       2    0.00    0.00    0.00    0.00    0.00    0.00    0.00    0.00  100.00
12:44:09       3    0.00    0.00    0.00    0.00    0.00    0.00    0.00    0.00  100.00
12:44:09       4    0.00    0.00    0.00    0.00    0.00    0.00    0.00    0.00  100.00
12:44:09       5    0.00    0.00    0.00    0.00    0.00    0.00    0.00    0.00  100.00
12:44:09       6    0.00    0.00    0.00    0.00    0.00    0.00    0.00    0.00  100.00
12:44:09       7    0.00    0.00    0.00    0.00    0.00    0.00    0.00    0.00  100.00
12:44:09       8    0.00    0.00    0.00    0.00    0.00    0.00    0.00    0.00  100.00
12:44:09       9    0.00    0.00    0.00    0.00    0.00    0.00    0.00    0.00  100.00
12:44:09      10    0.00    0.00    0.00    0.00    0.00    0.00    0.00    0.00  100.00
12:44:09      11    0.00    0.00    0.00    0.00    0.00    0.00    0.00    0.00  100.00
12:44:09      12    0.00    0.00    0.99    0.00    0.00    0.00    0.00    0.00   99.01
12:44:09      13    0.00    0.00    0.00    0.00    0.00    0.00    0.00    0.00  100.00
12:44:09      14    0.00    0.00    0.00    0.00    0.00    0.00    0.00    0.00  100.00
12:44:09      15    0.00    0.00    0.00    0.00    0.00    0.00    0.00    0.00  100.00
12:44:09      16    0.00    0.00    1.01    0.00    0.00    0.00    0.00    0.00   98.99
12:44:09      17    0.00    0.00    0.00    0.00    0.00    0.00    0.00    0.00  100.00
12:44:09      18    0.00    0.00    0.00    0.00    0.00    0.00    0.00    0.00  100.00
12:44:09      19    0.00    0.00    0.00    0.00    0.00    0.00    0.00    0.00  100.00
12:44:09      20    0.00    0.00    0.00    0.00    0.00    0.00    0.00    0.00  100.00
12:44:09      21    0.00    0.00    0.00    0.00    0.00    0.00    0.00    0.00  100.00
12:44:09      22    0.00    0.00    0.00    0.00    0.00    0.00    0.00    0.00  100.00
12:44:09      23    0.00    0.00    0.00    0.00    0.00    0.00    0.00    0.00  100.00
12:44:09      24    0.00    0.00    0.00    0.00    0.00    0.00    0.00    0.00  100.00
12:44:09      25    0.00    0.00    0.00    0.00    0.00    0.00    0.00    0.00  100.00
12:44:09      26    0.00    0.00    0.00    0.00    0.00    0.00    0.00    0.00  100.00
12:44:09      27    0.00    0.00    0.00    0.00    0.00    0.00    0.00    0.00  100.00
12:44:09      28    0.00    0.00    0.00    0.00    0.00    0.00    0.00    0.00  100.00
12:44:09      29    0.00    0.00    0.00    0.00    0.00    0.00    0.00    0.00  100.00
12:44:09      30    0.00    0.00    0.00    0.00    0.00    0.00    0.00    0.00  100.00
12:44:09      31    0.00    0.00    0.00    0.00    0.00    0.00    0.00    0.00  100.00

12:44:09     CPU    %usr   %nice    %sys %iowait    %irq   %soft  %steal  %guest   %idle
12:44:10     all    0.00    0.00    0.09    0.00    0.00    0.00    0.00    0.00   99.91
12:44:10       0    0.00    0.00    1.02    0.00    0.00    0.00    0.00    0.00   98.98
12:44:10       1    0.00    0.00    0.00    0.00    0.00    0.00    0.00    0.00  100.00
12:44:10       2    0.00    0.00    0.00    0.00    0.00    0.00    0.00    0.00  100.00
12:44:10       3    0.00    0.00    0.00    0.00    0.00    0.00    0.00    0.00  100.00
12:44:10       4    0.00    0.00    0.00    0.00    0.00    0.00    0.00    0.00  100.00
12:44:10       5    0.00    0.00    0.00    0.00    0.00    0.00    0.00    0.00  100.00
12:44:10       6    0.00    0.00    0.99    0.00    0.00    0.00    0.00    0.00   99.01
12:44:10       7    0.00    0.00    0.00    0.00    0.00    0.00    0.00    0.00  100.00
12:44:10       8    0.00    0.00    0.00    0.00    0.00    0.00    0.00    0.00  100.00
12:44:10       9    0.00    0.00    0.00    0.00    0.00    0.00    0.00    0.00  100.00
12:44:10      10    0.00    0.00    0.00    0.00    0.00    0.00    0.00    0.00  100.00
12:44:10      11    0.00    0.00    0.00    0.00    0.00    0.00    0.00    0.00  100.00
12:44:10      12    0.00    0.00    0.00    0.00    0.00    0.00    0.00    0.00  100.00
12:44:10      13    0.00    0.00    0.00    0.00    0.00    0.00    0.00    0.00  100.00
12:44:10      14    0.00    0.00    0.00    0.00    0.00    0.00    0.00    0.00  100.00
12:44:10      15    0.00    0.00    0.00    0.00    0.00    0.00    0.00    0.00  100.00
12:44:10      16    0.00    0.00    2.02    0.00    0.00    0.00    0.00    0.00   97.98
12:44:10      17    0.00    0.00    0.00    0.00    0.00    0.00    0.00    0.00  100.00
12:44:10      18    0.00    0.00    0.00    0.00    0.00    0.00    0.00    0.00  100.00
12:44:10      19    0.00    0.00    0.00    0.00    0.00    0.00    0.00    0.00  100.00
12:44:10      20    0.00    0.00    0.00    0.00    0.00    0.00    0.00    0.00  100.00
12:44:10      21    0.00    0.00    0.00    0.00    0.00    0.00    0.00    0.00  100.00
12:44:10      22    0.00    0.00    0.00    0.00    0.00    0.00    0.00    0.00  100.00
12:44:10      23    0.00    0.00    0.00    0.00    0.00    0.00    0.00    0.00  100.00
12:44:10      24    0.00    0.00    0.00    0.00    0.00    0.00    0.00    0.00  100.00
12:44:10      25    0.00    0.00    0.00    0.00    0.00    0.00    0.00    0.00  100.00
12:44:10      26    0.00    0.00    0.00    0.00    0.00    0.00    0.00    0.00  100.00
12:44:10      27    0.00    0.00    0.00    0.00    0.00    0.00    0.00    0.00  100.00
12:44:10      28    0.00    0.00    0.00    0.00    0.00    0.00    0.00    0.00  100.00
12:44:10      29    0.00    0.00    0.00    0.00    0.00    0.00    0.00    0.00  100.00
12:44:10      30    0.00    0.00    0.00    0.00    0.00    0.00    0.00    0.00  100.00
12:44:10      31    0.00    0.00    0.00    0.00    0.00    0.00    0.00    0.00  100.00

12:44:10     CPU    %usr   %nice    %sys %iowait    %irq   %soft  %steal  %guest   %idle
12:44:11     all    0.00    0.00    0.06    0.00    0.00    0.00    0.00    0.00   99.94
12:44:11       0    0.00    0.00    1.02    0.00    0.00    0.00    0.00    0.00   98.98
12:44:11       1    0.00    0.00    0.00    0.00    0.00    0.00    0.00    0.00  100.00
12:44:11       2    0.00    0.00    0.00    0.00    0.00    0.00    0.00    0.00  100.00
12:44:11       3    0.00    0.00    0.00    0.00    0.00    0.00    0.00    0.00  100.00
12:44:11       4    0.00    0.00    0.00    0.00    0.00    0.00    0.00    0.00  100.00
12:44:11       5    0.00    0.00    0.00    0.00    0.00    0.00    0.00    0.00  100.00
12:44:11       6    0.00    0.00    0.00    0.00    0.00    0.00    0.00    0.00  100.00
12:44:11       7    0.00    0.00    0.00    0.00    0.00    0.00    0.00    0.00  100.00
12:44:11       8    0.00    0.00    0.00    0.00    0.00    0.00    0.00    0.00  100.00
12:44:11       9    0.00    0.00    0.00    0.00    0.00    0.00    0.00    0.00  100.00
12:44:11      10    0.00    0.00    0.00    0.00    0.00    0.00    0.00    0.00  100.00
12:44:11      11    0.00    0.00    0.00    0.00    0.00    0.00    0.00    0.00  100.00
12:44:11      12    0.00    0.00    0.00    0.00    0.00    0.00    0.00    0.00  100.00
12:44:11      13    0.00    0.00    0.00    0.00    0.00    0.00    0.00    0.00  100.00
12:44:11      14    0.00    0.00    0.00    0.00    0.00    0.00    0.00    0.00  100.00
12:44:11      15    0.00    0.00    0.00    0.00    0.00    0.00    0.00    0.00  100.00
12:44:11      16    0.00    0.00    2.02    0.00    0.00    0.00    0.00    0.00   97.98
12:44:11      17    0.00    0.00    0.00    0.00    0.00    0.00    0.00    0.00  100.00
12:44:11      18    0.00    0.00    0.00    0.00    0.00    0.00    0.00    0.00  100.00
12:44:11      19    0.00    0.00    0.00    0.00    0.00    0.00    0.00    0.00  100.00
12:44:11      20    0.00    0.00    0.00    0.00    0.00    0.00    0.00    0.00  100.00
12:44:11      21    0.00    0.00    0.00    0.00    0.00    0.00    0.00    0.00  100.00
12:44:11      22    0.00    0.00    0.00    0.00    0.00    0.00    0.00    0.00  100.00
12:44:11      23    0.00    0.00    0.00    0.00    0.00    0.00    0.00    0.00  100.00
12:44:11      24    0.00    0.00    0.00    0.00    0.00    0.00    0.00    0.00  100.00
12:44:11      25    0.00    0.00    0.00    0.00    0.00    0.00    0.00    0.00  100.00
12:44:11      26    0.00    0.00    0.00    0.00    0.00    0.00    0.00    0.00  100.00
12:44:11      27    0.00    0.00    0.00    0.00    0.00    0.00    0.00    0.00  100.00
12:44:11      28    0.00    0.00    0.00    0.00    0.00    0.00    0.00    0.00  100.00
12:44:11      29    0.00    0.00    0.00    0.00    0.00    0.00    0.00    0.00  100.00
12:44:11      30    0.00    0.00    0.00    0.00    0.00    0.00    0.00    0.00  100.00
12:44:11      31    0.00    0.00    0.00    0.00    0.00    0.00    0.00    0.00  100.00

12:44:11     CPU    %usr   %nice    %sys %iowait    %irq   %soft  %steal  %guest   %idle
12:44:12     all    0.03    0.00    0.09    0.00    0.00    0.00    0.00    0.00   99.87
12:44:12       0    0.00    0.00    1.01    0.00    0.00    0.00    0.00    0.00   98.99
12:44:12       1    0.00    0.00    0.00    0.00    0.00    0.00    0.00    0.00  100.00
12:44:12       2    0.00    0.00    0.00    0.00    0.00    0.00    0.00    0.00  100.00
12:44:12       3    0.00    0.00    0.00    0.00    0.00    0.00    0.00    0.00  100.00
12:44:12       4    0.00    0.00    0.00    0.00    0.00    0.00    0.00    0.00  100.00
12:44:12       5    0.00    0.00    0.00    0.00    0.00    0.00    0.00    0.00  100.00
12:44:12       6    0.00    0.00    0.00    0.00    0.00    0.00    0.00    0.00  100.00
12:44:12       7    0.00    0.00    0.00    0.00    0.00    0.00    0.00    0.00  100.00
12:44:12       8    0.00    0.00    0.00    0.00    0.00    0.00    0.00    0.00  100.00
12:44:12       9    0.00    0.00    0.00    0.00    0.00    0.00    0.00    0.00  100.00
12:44:12      10    0.00    0.00    0.00    0.00    0.00    0.00    0.00    0.00  100.00
12:44:12      11    0.00    0.00    0.00    0.00    0.00    0.00    0.00    0.00  100.00
12:44:12      12    0.00    0.00    0.00    0.00    0.00    0.00    0.00    0.00  100.00
12:44:12      13    0.00    0.00    0.00    0.00    0.00    0.00    0.00    0.00  100.00
12:44:12      14    0.00    0.00    0.00    0.00    0.00    0.00    0.00    0.00  100.00
12:44:12      15    0.00    0.00    0.00    0.00    0.00    0.00    0.00    0.00  100.00
12:44:12      16    1.00    0.00    1.00    0.00    0.00    1.00    0.00    0.00   97.00
12:44:12      17    0.00    0.00    0.00    0.00    0.00    0.00    0.00    0.00  100.00
12:44:12      18    0.00    0.00    0.00    0.00    0.00    0.00    0.00    0.00  100.00
12:44:12      19    0.00    0.00    0.00    0.00    0.00    0.00    0.00    0.00  100.00
12:44:12      20    0.00    0.00    0.00    0.00    0.00    0.00    0.00    0.00  100.00
12:44:12      21    0.00    0.00    0.00    0.00    0.00    0.00    0.00    0.00  100.00
12:44:12      22    0.00    0.00    0.00    0.00    0.00    0.00    0.00    0.00  100.00
12:44:12      23    0.00    0.00    0.00    0.00    0.00    0.00    0.00    0.00  100.00
12:44:12      24    0.00    0.00    0.00    0.00    0.00    0.00    0.00    0.00  100.00
12:44:12      25    0.00    0.00    0.00    0.00    0.00    0.00    0.00    0.00  100.00
12:44:12      26    0.00    0.00    0.00    0.00    0.00    0.00    0.00    0.00  100.00
12:44:12      27    0.00    0.00    0.00    0.00    0.00    0.00    0.00    0.00  100.00
12:44:12      28    0.00    0.00    0.00    0.00    0.00    0.00    0.00    0.00  100.00
12:44:12      29    0.00    0.00    0.00    0.00    0.00    0.00    0.00    0.00  100.00
12:44:12      30    0.00    0.00    0.00    0.00    0.00    0.00    0.00    0.00  100.00
12:44:12      31    0.00    0.00    0.00    0.00    0.00    0.00    0.00    0.00  100.00

12:44:12     CPU    %usr   %nice    %sys %iowait    %irq   %soft  %steal  %guest   %idle
12:44:13     all    0.00    0.00    0.06    0.03    0.00    0.03    0.00    0.00   99.87
12:44:13       0    0.00    0.00    1.02    0.00    0.00    0.00    0.00    0.00   98.98
12:44:13       1    0.00    0.00    0.00    0.00    0.00    0.00    0.00    0.00  100.00
12:44:13       2    0.00    0.00    0.00    0.00    0.00    0.00    0.00    0.00  100.00
12:44:13       3    0.00    0.00    0.00    0.00    0.00    0.00    0.00    0.00  100.00
12:44:13       4    0.00    0.00    0.00    0.00    0.00    0.00    0.00    0.00  100.00
12:44:13       5    0.00    0.00    0.00    0.00    0.00    0.00    0.00    0.00  100.00
12:44:13       6    0.00    0.00    0.00    0.00    0.00    0.00    0.00    0.00  100.00
12:44:13       7    0.00    0.00    0.00    0.00    0.00    0.00    0.00    0.00  100.00
12:44:13       8    0.00    0.00    0.00    0.00    0.00    0.00    0.00    0.00  100.00
12:44:13       9    0.00    0.00    0.00    0.00    0.00    0.00    0.00    0.00  100.00
12:44:13      10    0.00    0.00    0.99    0.00    0.00    0.00    0.00    0.00   99.01
12:44:13      11    0.00    0.00    0.00    0.00    0.00    0.00    0.00    0.00  100.00
12:44:13      12    0.00    0.00    0.00    0.00    0.00    0.00    0.00    0.00  100.00
12:44:13      13    0.00    0.00    0.00    0.00    0.00    0.00    0.00    0.00  100.00
12:44:13      14    0.00    0.00    0.00    0.00    0.00    0.00    0.00    0.00  100.00
12:44:13      15    0.00    0.00    0.00    0.00    0.00    0.00    0.00    0.00  100.00
12:44:13      16    0.00    0.00    1.02    0.00    0.00    0.00    0.00    0.00   98.98
12:44:13      17    0.00    0.00    0.00    0.00    0.00    0.00    0.00    0.00  100.00
12:44:13      18    0.00    0.00    0.00    0.00    0.00    0.00    0.00    0.00  100.00
12:44:13      19    0.00    0.00    0.00    0.00    0.00    0.00    0.00    0.00  100.00
12:44:13      20    0.00    0.00    0.00    0.00    0.00    0.00    0.00    0.00  100.00
12:44:13      21    0.00    0.00    0.00    0.00    0.00    0.00    0.00    0.00  100.00
12:44:13      22    0.00    0.00    0.00    0.00    0.00    0.00    0.00    0.00  100.00
12:44:13      23    0.00    0.00    0.00    0.00    0.00    0.00    0.00    0.00  100.00
12:44:13      24    0.00    0.00    0.00    0.00    0.00    0.00    0.00    0.00  100.00
12:44:13      25    0.00    0.00    0.00    0.00    0.00    0.00    0.00    0.00  100.00
12:44:13      26    0.00    0.00    0.00    0.00    0.00    0.00    0.00    0.00  100.00
12:44:13      27    0.00    0.00    0.00    0.00    0.00    0.00    0.00    0.00  100.00
12:44:13      28    0.00    0.00    0.00    0.00    0.00    0.00    0.00    0.00  100.00
12:44:13      29    0.00    0.00    0.00    0.00    0.00    0.00    0.00    0.00  100.00
12:44:13      30    0.00    0.00    0.00    0.00    0.00    0.00    0.00    0.00  100.00
12:44:13      31    0.00    0.00    0.00    0.00    0.00    0.00    0.00    0.00  100.00
