Linux 2.6.32-279.14.1.el6.x86_64 (compute-641-20.local) 	04/21/20 	_x86_64_	(32 CPU)

12:44:59     CPU    %usr   %nice    %sys %iowait    %irq   %soft  %steal  %guest   %idle
12:45:00     all   49.27    0.00    0.09    0.00    0.00    0.00    0.00    0.00   50.64
12:45:00       0   98.00    0.00    0.00    0.00    0.00    0.00    0.00    0.00    2.00
12:45:00       1   98.00    0.00    0.00    0.00    0.00    0.00    0.00    0.00    2.00
12:45:00       2   98.00    0.00    0.00    0.00    0.00    0.00    0.00    0.00    2.00
12:45:00       3    0.00    0.00    0.00    0.00    0.00    0.00    0.00    0.00  100.00
12:45:00       4    0.00    0.00    0.00    0.00    0.00    0.00    0.00    0.00  100.00
12:45:00       5    0.00    0.00    0.00    0.00    0.00    0.00    0.00    0.00  100.00
12:45:00       6    0.00    0.00    0.00    0.00    0.00    0.00    0.00    0.00  100.00
12:45:00       7   98.00    0.00    0.00    0.00    0.00    0.00    0.00    0.00    2.00
12:45:00       8    0.00    0.00    0.00    0.00    0.00    0.00    0.00    0.00  100.00
12:45:00       9    0.00    0.00    0.00    0.00    0.00    0.00    0.00    0.00  100.00
12:45:00      10   39.39    0.00    0.00    0.00    0.00    0.00    0.00    0.00   60.61
12:45:00      11    0.00    0.00    0.00    0.00    0.00    0.00    0.00    0.00  100.00
12:45:00      12   98.00    0.00    0.00    0.00    0.00    0.00    0.00    0.00    2.00
12:45:00      13    0.00    0.00    0.00    0.00    0.00    0.00    0.00    0.00  100.00
12:45:00      14   97.98    0.00    0.00    0.00    0.00    0.00    0.00    0.00    2.02
12:45:00      15   98.00    0.00    0.00    0.00    0.00    0.00    0.00    0.00    2.00
12:45:00      16    0.00    0.00    1.00    0.00    0.00    0.00    0.00    0.00   99.00
12:45:00      17    0.00    0.00    0.00    0.00    0.00    0.00    0.00    0.00  100.00
12:45:00      18    0.00    0.00    0.00    0.00    0.00    0.00    0.00    0.00  100.00
12:45:00      19   98.00    0.00    1.00    0.00    0.00    0.00    0.00    0.00    1.00
12:45:00      20   99.00    0.00    0.00    0.00    0.00    0.00    0.00    0.00    1.00
12:45:00      21   99.00    0.00    0.00    0.00    0.00    0.00    0.00    0.00    1.00
12:45:00      22   97.06    0.00    0.98    0.00    0.00    0.00    0.00    0.00    1.96
12:45:00      23    0.00    0.00    0.00    0.00    0.00    0.00    0.00    0.00  100.00
12:45:00      24   98.02    0.00    0.00    0.00    0.00    0.00    0.00    0.00    1.98
12:45:00      25  100.00    0.00    0.00    0.00    0.00    0.00    0.00    0.00    0.00
12:45:00      26   99.00    0.00    0.00    0.00    0.00    0.00    0.00    0.00    1.00
12:45:00      27   99.00    0.00    0.00    0.00    0.00    0.00    0.00    0.00    1.00
12:45:00      28    0.00    0.00    0.00    0.00    0.00    0.00    0.00    0.00  100.00
12:45:00      29    0.00    0.00    0.00    0.00    0.00    0.00    0.00    0.00  100.00
12:45:00      30    0.00    0.00    0.00    0.00    0.00    0.00    0.00    0.00  100.00
12:45:00      31   59.00    0.00    0.00    0.00    0.00    0.00    0.00    0.00   41.00

12:45:00     CPU    %usr   %nice    %sys %iowait    %irq   %soft  %steal  %guest   %idle
12:45:01     all   50.02    0.00    0.03    0.06    0.00    0.03    0.00    0.00   49.86
12:45:01       0  100.00    0.00    0.00    0.00    0.00    0.00    0.00    0.00    0.00
12:45:01       1  100.00    0.00    0.00    0.00    0.00    0.00    0.00    0.00    0.00
12:45:01       2  100.00    0.00    0.00    0.00    0.00    0.00    0.00    0.00    0.00
12:45:01       3    0.00    0.00    0.00    0.00    0.00    0.00    0.00    0.00  100.00
12:45:01       4    0.00    0.00    0.00    0.00    0.00    0.00    0.00    0.00  100.00
12:45:01       5    0.00    0.00    0.00    0.00    0.00    0.00    0.00    0.00  100.00
12:45:01       6    0.00    0.00    0.00    0.00    0.00    0.00    0.00    0.00  100.00
12:45:01       7  100.00    0.00    0.00    0.00    0.00    0.00    0.00    0.00    0.00
12:45:01       8    0.00    0.00    0.00    2.00    0.00    0.00    0.00    0.00   98.00
12:45:01       9    0.00    0.00    0.00    0.00    0.00    0.00    0.00    0.00  100.00
12:45:01      10    0.99    0.00    0.00    0.00    0.00    0.00    0.00    0.00   99.01
12:45:01      11    0.00    0.00    0.00    0.00    0.00    0.00    0.00    0.00  100.00
12:45:01      12  100.00    0.00    0.00    0.00    0.00    0.00    0.00    0.00    0.00
12:45:01      13    0.00    0.00    0.00    0.00    0.00    0.00    0.00    0.00  100.00
12:45:01      14  100.00    0.00    0.00    0.00    0.00    0.00    0.00    0.00    0.00
12:45:01      15    0.00    0.00    0.00    0.00    0.00    0.00    0.00    0.00  100.00
12:45:01      16    0.00    0.00    1.00    0.00    0.00    0.00    0.00    0.00   99.00
12:45:01      17    0.00    0.00    0.00    0.00    0.00    0.00    0.00    0.00  100.00
12:45:01      18    0.00    0.00    0.00    0.00    0.00    0.00    0.00    0.00  100.00
12:45:01      19  100.00    0.00    0.00    0.00    0.00    0.00    0.00    0.00    0.00
12:45:01      20  100.00    0.00    0.00    0.00    0.00    0.00    0.00    0.00    0.00
12:45:01      21  100.00    0.00    0.00    0.00    0.00    0.00    0.00    0.00    0.00
12:45:01      22  100.00    0.00    0.00    0.00    0.00    0.00    0.00    0.00    0.00
12:45:01      23    0.00    0.00    0.00    0.00    0.00    0.00    0.00    0.00  100.00
12:45:01      24  100.00    0.00    0.00    0.00    0.00    0.00    0.00    0.00    0.00
12:45:01      25    6.00    0.00    0.00    0.00    0.00    0.00    0.00    0.00   94.00
12:45:01      26  100.00    0.00    0.00    0.00    0.00    0.00    0.00    0.00    0.00
12:45:01      27  100.00    0.00    0.00    0.00    0.00    0.00    0.00    0.00    0.00
12:45:01      28   94.00    0.00    0.00    0.00    0.00    0.00    0.00    0.00    6.00
12:45:01      29    0.00    0.00    0.00    0.00    0.00    0.00    0.00    0.00  100.00
12:45:01      30  100.00    0.00    0.00    0.00    0.00    0.00    0.00    0.00    0.00
12:45:01      31  100.00    0.00    0.00    0.00    0.00    0.00    0.00    0.00    0.00

12:45:01     CPU    %usr   %nice    %sys %iowait    %irq   %soft  %steal  %guest   %idle
12:45:02     all   50.00    0.00    0.06    0.00    0.00    0.00    0.00    0.00   49.94
12:45:02       0  100.00    0.00    0.00    0.00    0.00    0.00    0.00    0.00    0.00
12:45:02       1  100.00    0.00    0.00    0.00    0.00    0.00    0.00    0.00    0.00
12:45:02       2  100.00    0.00    0.00    0.00    0.00    0.00    0.00    0.00    0.00
12:45:02       3    0.00    0.00    0.00    0.00    0.00    0.00    0.00    0.00  100.00
12:45:02       4    0.00    0.00    0.00    0.00    0.00    0.00    0.00    0.00  100.00
12:45:02       5    0.00    0.00    0.00    0.00    0.00    0.00    0.00    0.00  100.00
12:45:02       6    0.00    0.00    0.00    0.00    0.00    0.00    0.00    0.00  100.00
12:45:02       7  100.00    0.00    0.00    0.00    0.00    0.00    0.00    0.00    0.00
12:45:02       8    0.00    0.00    0.00    0.00    0.00    0.00    0.00    0.00  100.00
12:45:02       9   92.00    0.00    0.00    0.00    0.00    0.00    0.00    0.00    8.00
12:45:02      10    0.00    0.00    0.00    0.00    0.00    0.00    0.00    0.00  100.00
12:45:02      11    0.00    0.00    0.00    0.00    0.00    0.00    0.00    0.00  100.00
12:45:02      12    8.08    0.00    0.00    0.00    0.00    0.00    0.00    0.00   91.92
12:45:02      13   84.00    0.00    0.00    0.00    0.00    0.00    0.00    0.00   16.00
12:45:02      14   16.83    0.00    0.00    0.00    0.00    0.00    0.00    0.00   83.17
12:45:02      15    0.00    0.00    0.00    0.00    0.00    0.00    0.00    0.00  100.00
12:45:02      16    0.00    0.00    1.00    0.00    0.00    0.00    0.00    0.00   99.00
12:45:02      17    0.00    0.00    0.00    0.00    0.00    0.00    0.00    0.00  100.00
12:45:02      18    0.00    0.00    0.00    0.00    0.00    0.00    0.00    0.00  100.00
12:45:02      19  100.00    0.00    0.00    0.00    0.00    0.00    0.00    0.00    0.00
12:45:02      20  100.00    0.00    0.00    0.00    0.00    0.00    0.00    0.00    0.00
12:45:02      21  100.00    0.00    0.00    0.00    0.00    0.00    0.00    0.00    0.00
12:45:02      22  100.00    0.00    0.00    0.00    0.00    0.00    0.00    0.00    0.00
12:45:02      23    0.00    0.00    0.00    0.00    0.00    0.00    0.00    0.00  100.00
12:45:02      24  100.00    0.00    0.00    0.00    0.00    0.00    0.00    0.00    0.00
12:45:02      25    0.00    0.00    0.99    0.00    0.00    0.00    0.00    0.00   99.01
12:45:02      26  100.00    0.00    0.00    0.00    0.00    0.00    0.00    0.00    0.00
12:45:02      27  100.00    0.00    0.00    0.00    0.00    0.00    0.00    0.00    0.00
12:45:02      28  100.00    0.00    0.00    0.00    0.00    0.00    0.00    0.00    0.00
12:45:02      29    0.00    0.00    0.00    0.00    0.00    0.00    0.00    0.00  100.00
12:45:02      30  100.00    0.00    0.00    0.00    0.00    0.00    0.00    0.00    0.00
12:45:02      31  100.00    0.00    0.00    0.00    0.00    0.00    0.00    0.00    0.00

12:45:02     CPU    %usr   %nice    %sys %iowait    %irq   %soft  %steal  %guest   %idle
12:45:03     all   50.00    0.00    0.03    0.00    0.00    0.00    0.00    0.00   49.97
12:45:03       0  100.00    0.00    0.00    0.00    0.00    0.00    0.00    0.00    0.00
12:45:03       1  100.00    0.00    0.00    0.00    0.00    0.00    0.00    0.00    0.00
12:45:03       2  100.00    0.00    0.00    0.00    0.00    0.00    0.00    0.00    0.00
12:45:03       3    0.00    0.00    0.00    0.00    0.00    0.00    0.00    0.00  100.00
12:45:03       4    0.00    0.00    0.00    0.00    0.00    0.00    0.00    0.00  100.00
12:45:03       5    0.00    0.00    0.00    0.00    0.00    0.00    0.00    0.00  100.00
12:45:03       6    0.00    0.00    0.00    0.00    0.00    0.00    0.00    0.00  100.00
12:45:03       7    2.02    0.00    0.00    0.00    0.00    0.00    0.00    0.00   97.98
12:45:03       8    0.00    0.00    0.00    0.00    0.00    0.00    0.00    0.00  100.00
12:45:03       9  100.00    0.00    0.00    0.00    0.00    0.00    0.00    0.00    0.00
12:45:03      10    0.00    0.00    1.00    0.00    0.00    0.00    0.00    0.00   99.00
12:45:03      11    0.00    0.00    0.00    0.00    0.00    0.00    0.00    0.00  100.00
12:45:03      12    0.00    0.00    0.00    0.00    0.00    0.00    0.00    0.00  100.00
12:45:03      13  100.00    0.00    0.00    0.00    0.00    0.00    0.00    0.00    0.00
12:45:03      14    0.00    0.00    0.00    0.00    0.00    0.00    0.00    0.00  100.00
12:45:03      15    0.00    0.00    0.00    0.00    0.00    0.00    0.00    0.00  100.00
12:45:03      16   93.00    0.00    0.00    0.00    0.00    0.00    0.00    0.00    7.00
12:45:03      17    0.00    0.00    0.00    0.00    0.00    0.00    0.00    0.00  100.00
12:45:03      18    4.04    0.00    0.00    0.00    0.00    0.00    0.00    0.00   95.96
12:45:03      19    2.00    0.00    0.00    0.00    0.00    0.00    0.00    0.00   98.00
12:45:03      20  100.00    0.00    0.00    0.00    0.00    0.00    0.00    0.00    0.00
12:45:03      21  100.00    0.00    0.00    0.00    0.00    0.00    0.00    0.00    0.00
12:45:03      22  100.00    0.00    0.00    0.00    0.00    0.00    0.00    0.00    0.00
12:45:03      23   98.99    0.00    0.00    0.00    0.00    0.00    0.00    0.00    1.01
12:45:03      24  100.00    0.00    0.00    0.00    0.00    0.00    0.00    0.00    0.00
12:45:03      25    0.00    0.00    0.00    0.00    0.00    0.00    0.00    0.00  100.00
12:45:03      26  100.00    0.00    0.00    0.00    0.00    0.00    0.00    0.00    0.00
12:45:03      27  100.00    0.00    0.00    0.00    0.00    0.00    0.00    0.00    0.00
12:45:03      28  100.00    0.00    0.00    0.00    0.00    0.00    0.00    0.00    0.00
12:45:03      29    0.00    0.00    0.00    0.00    0.00    0.00    0.00    0.00  100.00
12:45:03      30  100.00    0.00    0.00    0.00    0.00    0.00    0.00    0.00    0.00
12:45:03      31  100.00    0.00    0.00    0.00    0.00    0.00    0.00    0.00    0.00

12:45:03     CPU    %usr   %nice    %sys %iowait    %irq   %soft  %steal  %guest   %idle
12:45:04     all    8.41    0.00    0.03    0.00    0.00    0.00    0.00    0.00   91.55
12:45:04       0   32.32    0.00    1.01    0.00    0.00    0.00    0.00    0.00   66.67
12:45:04       1    3.00    0.00    0.00    0.00    0.00    0.00    0.00    0.00   97.00
12:45:04       2    4.00    0.00    0.00    0.00    0.00    0.00    0.00    0.00   96.00
12:45:04       3    0.00    0.00    0.00    0.00    0.00    0.00    0.00    0.00  100.00
12:45:04       4    0.00    0.00    0.00    0.00    0.00    0.00    0.00    0.00  100.00
12:45:04       5    0.00    0.00    0.00    0.00    0.00    0.00    0.00    0.00  100.00
12:45:04       6    0.00    0.00    0.00    0.00    0.00    0.00    0.00    0.00  100.00
12:45:04       7    0.00    0.00    0.00    0.00    0.00    0.00    0.00    0.00  100.00
12:45:04       8    0.00    0.00    0.00    0.00    0.00    0.00    0.00    0.00  100.00
12:45:04       9   28.71    0.00    0.99    0.00    0.00    0.00    0.00    0.00   70.30
12:45:04      10    0.00    0.00    0.00    0.00    0.00    0.00    0.00    0.00  100.00
12:45:04      11    0.00    0.00    0.00    0.00    0.00    0.00    0.00    0.00  100.00
12:45:04      12    0.00    0.00    0.00    0.00    0.00    0.00    0.00    0.00  100.00
12:45:04      13   31.31    0.00    0.00    0.00    0.00    0.00    0.00    0.00   68.69
12:45:04      14    0.00    0.00    0.00    0.00    0.00    0.00    0.00    0.00  100.00
12:45:04      15    0.00    0.00    0.00    0.00    0.00    0.00    0.00    0.00  100.00
12:45:04      16   33.00    0.00    0.00    0.00    0.00    0.00    0.00    0.00   67.00
12:45:04      17    0.00    0.00    0.00    0.00    0.00    0.00    0.00    0.00  100.00
12:45:04      18    0.00    0.00    0.00    0.00    0.00    0.00    0.00    0.00  100.00
12:45:04      19    0.00    0.00    0.00    0.00    0.00    0.00    0.00    0.00  100.00
12:45:04      20    3.03    0.00    0.00    0.00    0.00    0.00    0.00    0.00   96.97
12:45:04      21    3.96    0.00    0.00    0.00    0.00    0.00    0.00    0.00   96.04
12:45:04      22    3.03    0.00    0.00    0.00    0.00    0.00    0.00    0.00   96.97
12:45:04      23    3.96    0.00    0.00    0.00    0.00    0.00    0.00    0.00   96.04
12:45:04      24    3.03    0.00    0.00    0.00    0.00    0.00    0.00    0.00   96.97
12:45:04      25    0.00    0.00    0.00    0.00    0.00    0.00    0.00    0.00  100.00
12:45:04      26   12.87    0.00    0.00    0.00    0.00    0.00    0.00    0.00   87.13
12:45:04      27    3.00    0.00    0.00    0.00    0.00    0.00    0.00    0.00   97.00
12:45:04      28   29.00    0.00    0.00    0.00    0.00    0.00    0.00    0.00   71.00
12:45:04      29    0.00    0.00    0.00    0.00    0.00    0.00    0.00    0.00  100.00
12:45:04      30   45.00    0.00    0.00    0.00    0.00    0.00    0.00    0.00   55.00
12:45:04      31   26.26    0.00    0.00    0.00    0.00    0.00    0.00    0.00   73.74

12:45:04     CPU    %usr   %nice    %sys %iowait    %irq   %soft  %steal  %guest   %idle
12:45:05     all    0.00    0.00    0.06    0.59    0.00    0.00    0.00    0.00   99.34
12:45:05       0    0.00    0.00    1.01    0.00    0.00    0.00    0.00    0.00   98.99
12:45:05       1    0.00    0.00    0.00    0.00    0.00    0.00    0.00    0.00  100.00
12:45:05       2    0.00    0.00    0.00    0.00    0.00    0.00    0.00    0.00  100.00
12:45:05       3    0.00    0.00    0.00    0.00    0.00    0.00    0.00    0.00  100.00
12:45:05       4    0.00    0.00    0.00    0.00    0.00    0.00    0.00    0.00  100.00
12:45:05       5    0.00    0.00    0.00    0.00    0.00    0.00    0.00    0.00  100.00
12:45:05       6    0.00    0.00    0.00    0.00    0.00    0.00    0.00    0.00  100.00
12:45:05       7    0.00    0.00    0.00    0.00    0.00    0.00    0.00    0.00  100.00
12:45:05       8    0.00    0.00    0.00    0.00    0.00    0.00    0.00    0.00  100.00
12:45:05       9    1.02    0.00    0.00    0.00    0.00    0.00    0.00    0.00   98.98
12:45:05      10    0.00    0.00    0.00    0.00    0.00    0.00    0.00    0.00  100.00
12:45:05      11    0.00    0.00    0.00    0.00    0.00    0.00    0.00    0.00  100.00
12:45:05      12    0.00    0.00    0.00   19.19    0.00    0.00    0.00    0.00   80.81
12:45:05      13    0.00    0.00    0.00    0.00    0.00    0.00    0.00    0.00  100.00
12:45:05      14    0.00    0.00    0.00    0.00    0.00    0.00    0.00    0.00  100.00
12:45:05      15    0.00    0.00    0.00    0.00    0.00    0.00    0.00    0.00  100.00
12:45:05      16    0.00    0.00    0.00    0.00    0.00    0.00    0.00    0.00  100.00
12:45:05      17    0.00    0.00    0.00    0.00    0.00    0.00    0.00    0.00  100.00
12:45:05      18    0.00    0.00    0.00    0.00    0.00    0.00    0.00    0.00  100.00
12:45:05      19    0.00    0.00    0.00    0.00    0.00    0.00    0.00    0.00  100.00
12:45:05      20    0.00    0.00    0.00    0.00    0.00    0.00    0.00    0.00  100.00
12:45:05      21    0.00    0.00    0.00    0.00    0.00    0.00    0.00    0.00  100.00
12:45:05      22    0.00    0.00    0.00    0.00    0.00    0.00    0.00    0.00  100.00
12:45:05      23    0.00    0.00    0.00    0.00    0.00    0.00    0.00    0.00  100.00
12:45:05      24    0.00    0.00    0.00    0.00    0.00    0.00    0.00    0.00  100.00
12:45:05      25    0.00    0.00    0.00    0.00    0.00    0.00    0.00    0.00  100.00
12:45:05      26    0.00    0.00    0.00    0.00    0.00    0.00    0.00    0.00  100.00
12:45:05      27    0.00    0.00    0.00    0.00    0.00    0.00    0.00    0.00  100.00
12:45:05      28    0.00    0.00    0.00    0.00    0.00    0.00    0.00    0.00  100.00
12:45:05      29    0.00    0.00    0.00    0.00    0.00    0.00    0.00    0.00  100.00
12:45:05      30    0.00    0.00    0.00    0.00    0.00    0.00    0.00    0.00  100.00
12:45:05      31    0.00    0.00    0.00    0.00    0.00    0.00    0.00    0.00  100.00

12:45:05     CPU    %usr   %nice    %sys %iowait    %irq   %soft  %steal  %guest   %idle
12:45:06     all    0.00    0.00    0.09    0.00    0.00    0.00    0.00    0.00   99.91
12:45:06       0    0.00    0.00    1.02    0.00    0.00    0.00    0.00    0.00   98.98
12:45:06       1    0.00    0.00    0.00    0.00    0.00    0.00    0.00    0.00  100.00
12:45:06       2    0.00    0.00    0.00    0.00    0.00    0.00    0.00    0.00  100.00
12:45:06       3    0.00    0.00    0.00    0.00    0.00    0.00    0.00    0.00  100.00
12:45:06       4    0.00    0.00    0.00    0.00    0.00    0.00    0.00    0.00  100.00
12:45:06       5    0.00    0.00    0.00    0.00    0.00    0.00    0.00    0.00  100.00
12:45:06       6    0.00    0.00    0.00    0.00    0.00    0.00    0.00    0.00  100.00
12:45:06       7    0.00    0.00    0.00    0.00    0.00    0.00    0.00    0.00  100.00
12:45:06       8    0.00    0.00    0.00    0.00    0.00    0.00    0.00    0.00  100.00
12:45:06       9    0.00    0.00    1.02    0.00    0.00    0.00    0.00    0.00   98.98
12:45:06      10    0.00    0.00    0.00    0.00    0.00    0.00    0.00    0.00  100.00
12:45:06      11    0.00    0.00    0.00    0.00    0.00    0.00    0.00    0.00  100.00
12:45:06      12    0.00    0.00    0.00    0.00    0.00    0.00    0.00    0.00  100.00
12:45:06      13    0.00    0.00    0.00    0.00    0.00    0.00    0.00    0.00  100.00
12:45:06      14    0.00    0.00    0.00    0.00    0.00    0.00    0.00    0.00  100.00
12:45:06      15    0.00    0.00    0.00    0.00    0.00    0.00    0.00    0.00  100.00
12:45:06      16    0.00    0.00    0.00    0.00    0.00    0.00    0.00    0.00  100.00
12:45:06      17    0.00    0.00    0.00    0.00    0.00    0.00    0.00    0.00  100.00
12:45:06      18    0.00    0.00    0.00    0.00    0.00    0.00    0.00    0.00  100.00
12:45:06      19    0.00    0.00    0.00    0.00    0.00    0.00    0.00    0.00  100.00
12:45:06      20    0.00    0.00    0.00    0.00    0.00    0.00    0.00    0.00  100.00
12:45:06      21    0.00    0.00    0.00    0.00    0.00    0.00    0.00    0.00  100.00
12:45:06      22    0.00    0.00    0.00    0.00    0.00    0.00    0.00    0.00  100.00
12:45:06      23    0.00    0.00    0.00    0.00    0.00    0.00    0.00    0.00  100.00
12:45:06      24    0.00    0.00    0.00    0.00    0.00    0.00    0.00    0.00  100.00
12:45:06      25    0.00    0.00    0.00    0.00    0.00    0.00    0.00    0.00  100.00
12:45:06      26    0.00    0.00    0.00    0.00    0.00    0.00    0.00    0.00  100.00
12:45:06      27    0.00    0.00    0.00    0.00    0.00    0.00    0.00    0.00  100.00
12:45:06      28    0.00    0.00    0.00    0.00    0.00    0.00    0.00    0.00  100.00
12:45:06      29    0.00    0.00    0.00    0.00    0.00    0.00    0.00    0.00  100.00
12:45:06      30    0.00    0.00    0.00    0.00    0.00    0.00    0.00    0.00  100.00
12:45:06      31    0.00    0.00    0.00    0.00    0.00    0.00    0.00    0.00  100.00

12:45:06     CPU    %usr   %nice    %sys %iowait    %irq   %soft  %steal  %guest   %idle
12:45:07     all    0.00    0.00    0.06    0.00    0.00    0.00    0.00    0.00   99.94
12:45:07       0    0.00    0.00    1.02    0.00    0.00    0.00    0.00    0.00   98.98
12:45:07       1    0.00    0.00    0.00    0.00    0.00    0.00    0.00    0.00  100.00
12:45:07       2    0.00    0.00    0.00    0.00    0.00    0.00    0.00    0.00  100.00
12:45:07       3    0.00    0.00    0.00    0.00    0.00    0.00    0.00    0.00  100.00
12:45:07       4    0.00    0.00    0.00    0.00    0.00    0.00    0.00    0.00  100.00
12:45:07       5    0.00    0.00    0.00    0.00    0.00    0.00    0.00    0.00  100.00
12:45:07       6    0.00    0.00    0.99    0.00    0.00    0.00    0.00    0.00   99.01
12:45:07       7    0.00    0.00    0.00    0.00    0.00    0.00    0.00    0.00  100.00
12:45:07       8    0.00    0.00    0.00    0.00    0.00    0.00    0.00    0.00  100.00
12:45:07       9    0.00    0.00    2.02    0.00    0.00    0.00    0.00    0.00   97.98
12:45:07      10    0.00    0.00    0.00    0.00    0.00    0.00    0.00    0.00  100.00
12:45:07      11    0.00    0.00    0.00    0.00    0.00    0.00    0.00    0.00  100.00
12:45:07      12    0.00    0.00    0.00    0.00    0.00    0.00    0.00    0.00  100.00
12:45:07      13    0.00    0.00    0.00    0.00    0.00    0.00    0.00    0.00  100.00
12:45:07      14    0.00    0.00    0.00    0.00    0.00    0.00    0.00    0.00  100.00
12:45:07      15    0.00    0.00    0.00    0.00    0.00    0.00    0.00    0.00  100.00
12:45:07      16    0.00    0.00    0.00    0.00    0.00    0.00    0.00    0.00  100.00
12:45:07      17    0.00    0.00    0.00    0.00    0.00    0.00    0.00    0.00  100.00
12:45:07      18    0.00    0.00    0.00    0.00    0.00    0.00    0.00    0.00  100.00
12:45:07      19    0.00    0.00    0.00    0.00    0.00    0.00    0.00    0.00  100.00
12:45:07      20    0.00    0.00    0.00    0.00    0.00    0.00    0.00    0.00  100.00
12:45:07      21    0.00    0.00    0.00    0.00    0.00    0.00    0.00    0.00  100.00
12:45:07      22    0.00    0.00    0.00    0.00    0.00    0.00    0.00    0.00  100.00
12:45:07      23    0.00    0.00    0.00    0.00    0.00    0.00    0.00    0.00  100.00
12:45:07      24    0.00    0.00    0.00    0.00    0.00    0.00    0.00    0.00  100.00
12:45:07      25    0.00    0.00    0.00    0.00    0.00    0.00    0.00    0.00  100.00
12:45:07      26    0.00    0.00    0.00    0.00    0.00    0.00    0.00    0.00  100.00
12:45:07      27    0.00    0.00    0.00    0.00    0.00    0.00    0.00    0.00  100.00
12:45:07      28    0.00    0.00    0.00    0.00    0.00    0.00    0.00    0.00  100.00
12:45:07      29    0.00    0.00    0.00    0.00    0.00    0.00    0.00    0.00  100.00
12:45:07      30    0.00    0.00    0.00    0.00    0.00    0.00    0.00    0.00  100.00
12:45:07      31    0.00    0.00    0.00    0.00    0.00    0.00    0.00    0.00  100.00

12:45:07     CPU    %usr   %nice    %sys %iowait    %irq   %soft  %steal  %guest   %idle
12:45:08     all    0.00    0.00    0.06    0.00    0.00    0.00    0.00    0.00   99.94
12:45:08       0    0.00    0.00    1.02    0.00    0.00    0.00    0.00    0.00   98.98
12:45:08       1    0.00    0.00    0.00    0.00    0.00    0.00    0.00    0.00  100.00
12:45:08       2    0.00    0.00    0.00    0.00    0.00    0.00    0.00    0.00  100.00
12:45:08       3    0.00    0.00    0.00    0.00    0.00    0.00    0.00    0.00  100.00
12:45:08       4    0.00    0.00    0.00    0.00    0.00    0.00    0.00    0.00  100.00
12:45:08       5    0.00    0.00    0.00    0.00    0.00    0.00    0.00    0.00  100.00
12:45:08       6    0.00    0.00    0.00    0.00    0.00    0.00    0.00    0.00  100.00
12:45:08       7    0.00    0.00    0.00    0.00    0.00    0.00    0.00    0.00  100.00
12:45:08       8    0.00    0.00    0.00    0.00    0.00    0.00    0.00    0.00  100.00
12:45:08       9    0.00    0.00    0.00    0.00    0.00    0.00    0.00    0.00  100.00
12:45:08      10    0.00    0.00    0.00    0.00    0.00    0.00    0.00    0.00  100.00
12:45:08      11    0.00    0.00    0.00    0.00    0.00    0.00    0.00    0.00  100.00
12:45:08      12    0.00    0.00    0.00    0.00    0.00    0.00    0.00    0.00  100.00
12:45:08      13    0.00    0.00    0.00    0.00    0.00    0.00    0.00    0.00  100.00
12:45:08      14    0.00    0.00    0.00    0.00    0.00    0.00    0.00    0.00  100.00
12:45:08      15    0.00    0.00    0.00    0.00    0.00    0.00    0.00    0.00  100.00
12:45:08      16    0.00    0.00    0.00    0.00    0.00    0.00    0.00    0.00  100.00
12:45:08      17    0.00    0.00    0.00    0.00    0.00    0.00    0.00    0.00  100.00
12:45:08      18    0.00    0.00    0.00    0.00    0.00    0.00    0.00    0.00  100.00
12:45:08      19    0.00    0.00    0.00    0.00    0.00    0.00    0.00    0.00  100.00
12:45:08      20    0.00    0.00    0.00    0.00    0.00    0.00    0.00    0.00  100.00
12:45:08      21    0.00    0.00    0.00    0.00    0.00    0.00    0.00    0.00  100.00
12:45:08      22    0.00    0.00    0.00    0.00    0.00    0.00    0.00    0.00  100.00
12:45:08      23    0.00    0.00    0.00    0.00    0.00    0.00    0.00    0.00  100.00
12:45:08      24    0.00    0.00    0.00    0.00    0.00    0.00    0.00    0.00  100.00
12:45:08      25    0.00    0.00    0.00    0.00    0.00    0.00    0.00    0.00  100.00
12:45:08      26    0.00    0.00    0.00    0.00    0.00    0.00    0.00    0.00  100.00
12:45:08      27    0.00    0.00    0.00    0.00    0.00    0.00    0.00    0.00  100.00
12:45:08      28    0.00    0.00    0.00    0.00    0.00    0.00    0.00    0.00  100.00
12:45:08      29    0.00    0.00    0.00    0.00    0.00    0.00    0.00    0.00  100.00
12:45:08      30    0.00    0.00    0.00    0.00    0.00    0.00    0.00    0.00  100.00
12:45:08      31    0.00    0.00    0.00    0.00    0.00    0.00    0.00    0.00  100.00

12:45:08     CPU    %usr   %nice    %sys %iowait    %irq   %soft  %steal  %guest   %idle
12:45:09     all    0.03    0.00    0.06    0.00    0.00    0.00    0.00    0.00   99.91
12:45:09       0    0.00    0.00    1.02    0.00    0.00    0.00    0.00    0.00   98.98
12:45:09       1    0.00    0.00    0.00    0.00    0.00    0.00    0.00    0.00  100.00
12:45:09       2    0.00    0.00    0.00    0.00    0.00    0.00    0.00    0.00  100.00
12:45:09       3    0.00    0.00    0.00    0.00    0.00    0.00    0.00    0.00  100.00
12:45:09       4    0.00    0.00    0.00    0.00    0.00    0.00    0.00    0.00  100.00
12:45:09       5    0.00    0.00    0.00    0.00    0.00    0.00    0.00    0.00  100.00
12:45:09       6    0.00    0.00    0.00    0.00    0.00    0.00    0.00    0.00  100.00
12:45:09       7    0.00    0.00    0.00    0.00    0.00    0.00    0.00    0.00  100.00
12:45:09       8    0.00    0.00    0.00    0.00    0.00    0.00    0.00    0.00  100.00
12:45:09       9    0.00    0.00    1.01    0.00    0.00    0.00    0.00    0.00   98.99
12:45:09      10    0.00    0.00    0.00    0.00    0.00    0.00    0.00    0.00  100.00
12:45:09      11    0.00    0.00    0.00    0.00    0.00    0.00    0.00    0.00  100.00
12:45:09      12    0.00    0.00    0.00    0.00    0.00    0.00    0.00    0.00  100.00
12:45:09      13    0.00    0.00    0.00    0.00    0.00    0.00    0.00    0.00  100.00
12:45:09      14    0.00    0.00    0.00    0.00    0.00    0.00    0.00    0.00  100.00
12:45:09      15    0.00    0.00    0.00    0.00    0.00    0.00    0.00    0.00  100.00
12:45:09      16    0.00    0.00    0.00    0.00    0.00    0.00    0.00    0.00  100.00
12:45:09      17    0.00    0.00    0.00    0.00    0.00    0.00    0.00    0.00  100.00
12:45:09      18    0.00    0.00    0.00    0.00    0.00    0.00    0.00    0.00  100.00
12:45:09      19    0.00    0.00    0.00    0.00    0.00    0.00    0.00    0.00  100.00
12:45:09      20    0.00    0.00    0.00    0.00    0.00    0.00    0.00    0.00  100.00
12:45:09      21    0.00    0.00    0.00    0.00    0.00    0.00    0.00    0.00  100.00
12:45:09      22    0.00    0.00    0.00    0.00    0.00    0.00    0.00    0.00  100.00
12:45:09      23    0.00    0.00    0.00    0.00    0.00    0.00    0.00    0.00  100.00
12:45:09      24    0.00    0.00    0.00    0.00    0.00    0.00    0.00    0.00  100.00
12:45:09      25    0.99    0.00    0.00    0.00    0.00    0.00    0.00    0.00   99.01
12:45:09      26    0.00    0.00    0.00    0.00    0.00    0.00    0.00    0.00  100.00
12:45:09      27    0.00    0.00    0.00    0.00    0.00    0.00    0.00    0.00  100.00
12:45:09      28    0.00    0.00    0.00    0.00    0.00    0.00    0.00    0.00  100.00
12:45:09      29    0.00    0.00    0.00    0.00    0.00    0.00    0.00    0.00  100.00
12:45:09      30    0.00    0.00    0.00    0.00    0.00    0.00    0.00    0.00  100.00
12:45:09      31    0.00    0.00    0.00    0.00    0.00    0.00    0.00    0.00  100.00

12:45:09     CPU    %usr   %nice    %sys %iowait    %irq   %soft  %steal  %guest   %idle
12:45:10     all    0.03    0.00    0.09    0.25    0.00    0.00    0.00    0.00   99.62
12:45:10       0    0.00    0.00    1.02    0.00    0.00    0.00    0.00    0.00   98.98
12:45:10       1    0.00    0.00    0.00    0.00    0.00    0.00    0.00    0.00  100.00
12:45:10       2    0.00    0.00    0.00    0.00    0.00    0.00    0.00    0.00  100.00
12:45:10       3    0.00    0.00    0.00    0.00    0.00    0.00    0.00    0.00  100.00
12:45:10       4    0.00    0.00    0.00    0.00    0.00    0.00    0.00    0.00  100.00
12:45:10       5    0.00    0.00    0.00    0.00    0.00    0.00    0.00    0.00  100.00
12:45:10       6    0.00    0.00    0.00    0.00    0.00    0.00    0.00    0.00  100.00
12:45:10       7    0.00    0.00    0.00    0.00    0.00    0.00    0.00    0.00  100.00
12:45:10       8    0.00    0.00    0.00    5.00    0.00    0.00    0.00    0.00   95.00
12:45:10       9    0.00    0.00    1.02    0.00    0.00    0.00    0.00    0.00   98.98
12:45:10      10    0.00    0.00    0.00    0.00    0.00    0.00    0.00    0.00  100.00
12:45:10      11    0.00    0.00    0.00    0.00    0.00    0.00    0.00    0.00  100.00
12:45:10      12    0.00    0.00    0.00    3.00    0.00    0.00    0.00    0.00   97.00
12:45:10      13    0.00    0.00    0.00    0.00    0.00    0.00    0.00    0.00  100.00
12:45:10      14    0.00    0.00    0.00    0.00    0.00    0.00    0.00    0.00  100.00
12:45:10      15    0.00    0.00    0.00    0.00    0.00    0.00    0.00    0.00  100.00
12:45:10      16    0.00    0.00    0.00    0.00    0.00    0.00    0.00    0.00  100.00
12:45:10      17    0.00    0.00    0.00    0.00    0.00    0.00    0.00    0.00  100.00
12:45:10      18    0.00    0.00    0.00    0.00    0.00    0.00    0.00    0.00  100.00
12:45:10      19    0.00    0.00    0.00    0.00    0.00    0.00    0.00    0.00  100.00
12:45:10      20    0.00    0.00    0.00    0.00    0.00    0.00    0.00    0.00  100.00
12:45:10      21    0.00    0.00    0.00    0.00    0.00    0.00    0.00    0.00  100.00
12:45:10      22    0.00    0.00    0.00    0.00    0.00    0.00    0.00    0.00  100.00
12:45:10      23    0.00    0.00    0.00    0.00    0.00    0.00    0.00    0.00  100.00
12:45:10      24    0.00    0.00    0.00    0.00    0.00    0.00    0.00    0.00  100.00
12:45:10      25    0.00    0.00    0.00    0.00    0.00    0.00    0.00    0.00  100.00
12:45:10      26    0.00    0.00    0.00    0.00    0.00    0.00    0.00    0.00  100.00
12:45:10      27    0.99    0.00    0.99    0.00    0.00    0.00    0.00    0.00   98.02
12:45:10      28    0.00    0.00    0.00    0.00    0.00    0.00    0.00    0.00  100.00
12:45:10      29    0.00    0.00    0.00    0.00    0.00    0.00    0.00    0.00  100.00
12:45:10      30    0.00    0.00    0.00    0.00    0.00    0.00    0.00    0.00  100.00
12:45:10      31    0.00    0.00    0.00    0.00    0.00    0.00    0.00    0.00  100.00

12:45:10     CPU    %usr   %nice    %sys %iowait    %irq   %soft  %steal  %guest   %idle
12:45:11     all    0.00    0.00    0.09    0.00    0.00    0.00    0.00    0.00   99.91
12:45:11       0    0.00    0.00    1.02    0.00    0.00    0.00    0.00    0.00   98.98
12:45:11       1    0.00    0.00    0.00    0.00    0.00    0.00    0.00    0.00  100.00
12:45:11       2    0.00    0.00    0.00    0.00    0.00    0.00    0.00    0.00  100.00
12:45:11       3    0.00    0.00    0.00    0.00    0.00    0.00    0.00    0.00  100.00
12:45:11       4    0.00    0.00    0.00    0.00    0.00    0.00    0.00    0.00  100.00
12:45:11       5    0.00    0.00    0.00    0.00    0.00    0.00    0.00    0.00  100.00
12:45:11       6    0.00    0.00    0.00    0.00    0.00    0.00    0.00    0.00  100.00
12:45:11       7    0.00    0.00    0.00    0.00    0.00    0.00    0.00    0.00  100.00
12:45:11       8    0.00    0.00    0.00    0.00    0.00    0.00    0.00    0.00  100.00
12:45:11       9    0.00    0.00    1.02    0.00    0.00    0.00    0.00    0.00   98.98
12:45:11      10    0.00    0.00    0.00    0.00    0.00    0.00    0.00    0.00  100.00
12:45:11      11    0.00    0.00    0.00    0.00    0.00    0.00    0.00    0.00  100.00
12:45:11      12    0.00    0.00    0.00    0.00    0.00    0.00    0.00    0.00  100.00
12:45:11      13    0.00    0.00    0.00    0.00    0.00    0.00    0.00    0.00  100.00
12:45:11      14    0.00    0.00    0.00    0.00    0.00    0.00    0.00    0.00  100.00
12:45:11      15    0.00    0.00    0.00    0.00    0.00    0.00    0.00    0.00  100.00
12:45:11      16    0.00    0.00    0.00    0.00    0.00    0.00    0.00    0.00  100.00
12:45:11      17    0.00    0.00    0.00    0.00    0.00    0.00    0.00    0.00  100.00
12:45:11      18    0.00    0.00    0.00    0.00    0.00    0.00    0.00    0.00  100.00
12:45:11      19    0.00    0.00    0.00    0.00    0.00    0.00    0.00    0.00  100.00
12:45:11      20    0.00    0.00    0.00    0.00    0.00    0.00    0.00    0.00  100.00
12:45:11      21    0.00    0.00    0.00    0.00    0.00    0.00    0.00    0.00  100.00
12:45:11      22    0.00    0.00    0.00    0.00    0.00    0.00    0.00    0.00  100.00
12:45:11      23    0.00    0.00    0.00    0.00    0.00    0.00    0.00    0.00  100.00
12:45:11      24    0.00    0.00    0.00    0.00    0.00    0.00    0.00    0.00  100.00
12:45:11      25    0.00    0.00    0.00    0.00    0.00    0.00    0.00    0.00  100.00
12:45:11      26    0.00    0.00    0.00    0.00    0.00    0.00    0.00    0.00  100.00
12:45:11      27    0.00    0.00    0.00    0.00    0.00    0.00    0.00    0.00  100.00
12:45:11      28    0.00    0.00    0.00    0.00    0.00    0.00    0.00    0.00  100.00
12:45:11      29    0.00    0.00    0.00    0.00    0.00    0.00    0.00    0.00  100.00
12:45:11      30    0.00    0.00    0.00    0.00    0.00    0.00    0.00    0.00  100.00
12:45:11      31    0.00    0.00    0.00    0.00    0.00    0.00    0.00    0.00  100.00

12:45:11     CPU    %usr   %nice    %sys %iowait    %irq   %soft  %steal  %guest   %idle
12:45:12     all    0.03    0.00    0.09    0.00    0.00    0.00    0.00    0.00   99.87
12:45:12       0    0.00    0.00    1.02    0.00    0.00    0.00    0.00    0.00   98.98
12:45:12       1    0.00    0.00    0.00    0.00    0.00    0.00    0.00    0.00  100.00
12:45:12       2    0.00    0.00    0.00    0.00    0.00    0.00    0.00    0.00  100.00
12:45:12       3    0.00    0.00    0.00    0.00    0.00    0.00    0.00    0.00  100.00
12:45:12       4    0.00    0.00    0.00    0.00    0.00    0.00    0.00    0.00  100.00
12:45:12       5    0.00    0.00    0.00    0.00    0.00    0.00    0.00    0.00  100.00
12:45:12       6    0.00    0.00    0.00    0.00    0.00    0.00    0.00    0.00  100.00
12:45:12       7    0.00    0.00    0.00    0.00    0.00    0.00    0.00    0.00  100.00
12:45:12       8    0.00    0.00    0.00    0.00    0.00    0.00    0.00    0.00  100.00
12:45:12       9    1.01    0.00    1.01    0.00    0.00    0.00    0.00    0.00   97.98
12:45:12      10    0.00    0.00    0.00    0.00    0.00    0.00    0.00    0.00  100.00
12:45:12      11    0.00    0.00    0.00    0.00    0.00    0.00    0.00    0.00  100.00
12:45:12      12    0.99    0.00    0.99    0.00    0.00    0.00    0.00    0.00   98.02
12:45:12      13    0.00    0.00    0.00    0.00    0.00    0.00    0.00    0.00  100.00
12:45:12      14    0.00    0.00    0.00    0.00    0.00    0.00    0.00    0.00  100.00
12:45:12      15    0.00    0.00    0.00    0.00    0.00    0.00    0.00    0.00  100.00
12:45:12      16    0.00    0.00    0.00    0.00    0.00    0.00    0.00    0.00  100.00
12:45:12      17    0.00    0.00    0.00    0.00    0.00    0.00    0.00    0.00  100.00
12:45:12      18    0.00    0.00    0.00    0.00    0.00    0.00    0.00    0.00  100.00
12:45:12      19    0.00    0.00    0.00    0.00    0.00    0.00    0.00    0.00  100.00
12:45:12      20    0.00    0.00    0.00    0.00    0.00    0.00    0.00    0.00  100.00
12:45:12      21    0.00    0.00    0.00    0.00    0.00    0.00    0.00    0.00  100.00
12:45:12      22    0.00    0.00    0.00    0.00    0.00    0.00    0.00    0.00  100.00
12:45:12      23    0.00    0.00    0.00    0.00    0.00    0.00    0.00    0.00  100.00
12:45:12      24    0.00    0.00    0.00    0.00    0.00    0.00    0.00    0.00  100.00
12:45:12      25    0.00    0.00    0.00    0.00    0.00    0.00    0.00    0.00  100.00
12:45:12      26    0.00    0.00    0.00    0.00    0.00    0.00    0.00    0.00  100.00
12:45:12      27    0.00    0.00    0.00    0.00    0.00    0.00    0.00    0.00  100.00
12:45:12      28    0.00    0.00    0.00    0.00    0.00    0.00    0.00    0.00  100.00
12:45:12      29    0.00    0.00    0.00    0.00    0.00    0.00    0.00    0.00  100.00
12:45:12      30    0.00    0.00    0.00    0.00    0.00    0.00    0.00    0.00  100.00
12:45:12      31    0.00    0.00    0.00    0.00    0.00    0.00    0.00    0.00  100.00

12:45:12     CPU    %usr   %nice    %sys %iowait    %irq   %soft  %steal  %guest   %idle
12:45:13     all    0.00    0.00    0.06    0.00    0.00    0.00    0.00    0.00   99.94
12:45:13       0    0.00    0.00    1.01    0.00    0.00    0.00    0.00    0.00   98.99
12:45:13       1    0.00    0.00    0.00    0.00    0.00    0.00    0.00    0.00  100.00
12:45:13       2    0.00    0.00    0.00    0.00    0.00    0.00    0.00    0.00  100.00
12:45:13       3    0.00    0.00    0.00    0.00    0.00    0.00    0.00    0.00  100.00
12:45:13       4    0.00    0.00    0.00    0.00    0.00    0.00    0.00    0.00  100.00
12:45:13       5    0.00    0.00    0.00    0.00    0.00    0.00    0.00    0.00  100.00
12:45:13       6    0.00    0.00    0.00    0.00    0.00    0.00    0.00    0.00  100.00
12:45:13       7    0.00    0.00    0.00    0.00    0.00    0.00    0.00    0.00  100.00
12:45:13       8    0.00    0.00    0.00    0.00    0.00    0.00    0.00    0.00  100.00
12:45:13       9    0.00    0.00    0.00    0.00    0.00    0.00    0.00    0.00  100.00
12:45:13      10    0.00    0.00    0.00    0.00    0.00    0.00    0.00    0.00  100.00
12:45:13      11    0.00    0.00    1.00    0.00    0.00    0.00    0.00    0.00   99.00
12:45:13      12    0.00    0.00    0.00    0.00    0.00    0.00    0.00    0.00  100.00
12:45:13      13    0.00    0.00    0.00    0.00    0.00    0.00    0.00    0.00  100.00
12:45:13      14    0.00    0.00    0.00    0.00    0.00    0.00    0.00    0.00  100.00
12:45:13      15    0.00    0.00    0.00    0.00    0.00    0.00    0.00    0.00  100.00
12:45:13      16    0.00    0.00    0.00    0.00    0.00    0.00    0.00    0.00  100.00
12:45:13      17    0.00    0.00    0.00    0.00    0.00    0.00    0.00    0.00  100.00
12:45:13      18    0.00    0.00    0.00    0.00    0.00    0.00    0.00    0.00  100.00
12:45:13      19    0.00    0.00    0.99    0.00    0.00    0.00    0.00    0.00   99.01
12:45:13      20    0.00    0.00    0.00    0.00    0.00    0.00    0.00    0.00  100.00
12:45:13      21    0.00    0.00    0.00    0.00    0.00    0.00    0.00    0.00  100.00
12:45:13      22    0.00    0.00    0.00    0.00    0.00    0.00    0.00    0.00  100.00
12:45:13      23    0.00    0.00    0.00    0.00    0.00    0.00    0.00    0.00  100.00
12:45:13      24    0.00    0.00    0.00    0.00    0.00    0.00    0.00    0.00  100.00
12:45:13      25    0.00    0.00    0.00    0.00    0.00    0.00    0.00    0.00  100.00
12:45:13      26    0.00    0.00    0.00    0.00    0.00    0.00    0.00    0.00  100.00
12:45:13      27    0.00    0.00    0.00    0.00    0.00    0.00    0.00    0.00  100.00
12:45:13      28    0.00    0.00    0.00    0.00    0.00    0.00    0.00    0.00  100.00
12:45:13      29    0.00    0.00    0.00    0.00    0.00    0.00    0.00    0.00  100.00
12:45:13      30    0.00    0.00    0.00    0.00    0.00    0.00    0.00    0.00  100.00
12:45:13      31    0.00    0.00    0.00    0.00    0.00    0.00    0.00    0.00  100.00

12:45:13     CPU    %usr   %nice    %sys %iowait    %irq   %soft  %steal  %guest   %idle
12:45:14     all    0.00    0.00    0.03    0.00    0.00    0.00    0.00    0.00   99.97
12:45:14       0    0.00    0.00    1.02    0.00    0.00    0.00    0.00    0.00   98.98
12:45:14       1    0.00    0.00    0.00    0.00    0.00    0.00    0.00    0.00  100.00
12:45:14       2    0.00    0.00    0.00    0.00    0.00    0.00    0.00    0.00  100.00
12:45:14       3    0.00    0.00    0.00    0.00    0.00    0.00    0.00    0.00  100.00
12:45:14       4    0.00    0.00    0.00    0.00    0.00    0.00    0.00    0.00  100.00
12:45:14       5    0.00    0.00    0.00    0.00    0.00    0.00    0.00    0.00  100.00
12:45:14       6    0.00    0.00    0.00    0.00    0.00    0.00    0.00    0.00  100.00
12:45:14       7    0.00    0.00    0.00    0.00    0.00    0.00    0.00    0.00  100.00
12:45:14       8    0.00    0.00    0.00    0.00    0.00    0.00    0.00    0.00  100.00
12:45:14       9    0.00    0.00    1.02    0.00    0.00    0.00    0.00    0.00   98.98
12:45:14      10    0.00    0.00    0.00    0.00    0.00    0.00    0.00    0.00  100.00
12:45:14      11    0.00    0.00    0.00    0.00    0.00    0.00    0.00    0.00  100.00
12:45:14      12    0.00    0.00    0.00    0.00    0.00    0.00    0.00    0.00  100.00
12:45:14      13    0.00    0.00    0.00    0.00    0.00    0.00    0.00    0.00  100.00
12:45:14      14    0.00    0.00    0.00    0.00    0.00    0.00    0.00    0.00  100.00
12:45:14      15    0.00    0.00    0.00    0.00    0.00    0.00    0.00    0.00  100.00
12:45:14      16    0.00    0.00    0.00    0.00    0.00    0.00    0.00    0.00  100.00
12:45:14      17    0.00    0.00    0.00    0.00    0.00    0.00    0.00    0.00  100.00
12:45:14      18    0.00    0.00    0.00    0.00    0.00    0.00    0.00    0.00  100.00
12:45:14      19    0.00    0.00    0.00    0.00    0.00    0.00    0.00    0.00  100.00
12:45:14      20    0.00    0.00    0.00    0.00    0.00    0.00    0.00    0.00  100.00
12:45:14      21    0.00    0.00    0.00    0.00    0.00    0.00    0.00    0.00  100.00
12:45:14      22    0.00    0.00    0.00    0.00    0.00    0.00    0.00    0.00  100.00
12:45:14      23    0.00    0.00    0.00    0.00    0.00    0.00    0.00    0.00  100.00
12:45:14      24    0.00    0.00    0.00    0.00    0.00    0.00    0.00    0.00  100.00
12:45:14      25    0.00    0.00    0.00    0.00    0.00    0.00    0.00    0.00  100.00
12:45:14      26    0.00    0.00    0.00    0.00    0.00    0.00    0.00    0.00  100.00
12:45:14      27    0.00    0.00    0.00    0.00    0.00    0.00    0.00    0.00  100.00
12:45:14      28    0.00    0.00    0.00    0.00    0.00    0.00    0.00    0.00  100.00
12:45:14      29    0.00    0.00    0.00    0.00    0.00    0.00    0.00    0.00  100.00
12:45:14      30    0.00    0.00    0.00    0.00    0.00    0.00    0.00    0.00  100.00
12:45:14      31    0.00    0.00    0.00    0.00    0.00    0.00    0.00    0.00  100.00

12:45:14     CPU    %usr   %nice    %sys %iowait    %irq   %soft  %steal  %guest   %idle
12:45:15     all    0.00    0.00    0.06    0.00    0.00    0.00    0.00    0.00   99.94
12:45:15       0    0.00    0.00    1.02    0.00    0.00    0.00    0.00    0.00   98.98
12:45:15       1    0.00    0.00    0.00    0.00    0.00    0.00    0.00    0.00  100.00
12:45:15       2    0.00    0.00    0.00    0.00    0.00    0.00    0.00    0.00  100.00
12:45:15       3    0.00    0.00    0.00    0.00    0.00    0.00    0.00    0.00  100.00
12:45:15       4    0.00    0.00    0.00    0.00    0.00    0.00    0.00    0.00  100.00
12:45:15       5    0.00    0.00    0.00    0.00    0.00    0.00    0.00    0.00  100.00
12:45:15       6    0.00    0.00    0.00    0.00    0.00    0.00    0.00    0.00  100.00
12:45:15       7    0.00    0.00    0.00    0.00    0.00    0.00    0.00    0.00  100.00
12:45:15       8    0.00    0.00    0.00    0.00    0.00    0.00    0.00    0.00  100.00
12:45:15       9    0.00    0.00    1.01    0.00    0.00    0.00    0.00    0.00   98.99
12:45:15      10    0.00    0.00    0.99    0.00    0.00    0.00    0.00    0.00   99.01
12:45:15      11    0.00    0.00    0.00    0.00    0.00    0.00    0.00    0.00  100.00
12:45:15      12    0.00    0.00    0.00    0.00    0.00    0.00    0.00    0.00  100.00
12:45:15      13    0.00    0.00    0.00    0.00    0.00    0.00    0.00    0.00  100.00
12:45:15      14    0.00    0.00    0.00    0.00    0.00    0.00    0.00    0.00  100.00
12:45:15      15    0.00    0.00    0.00    0.00    0.00    0.00    0.00    0.00  100.00
12:45:15      16    0.00    0.00    0.00    0.00    0.00    0.00    0.00    0.00  100.00
12:45:15      17    0.00    0.00    0.00    0.00    0.00    0.00    0.00    0.00  100.00
12:45:15      18    0.00    0.00    0.00    0.00    0.00    0.00    0.00    0.00  100.00
12:45:15      19    0.00    0.00    0.00    0.00    0.00    0.00    0.00    0.00  100.00
12:45:15      20    0.00    0.00    0.00    0.00    0.00    0.00    0.00    0.00  100.00
12:45:15      21    0.00    0.00    0.00    0.00    0.00    0.00    0.00    0.00  100.00
12:45:15      22    0.00    0.00    0.00    0.00    0.00    0.00    0.00    0.00  100.00
12:45:15      23    0.00    0.00    0.00    0.00    0.00    0.00    0.00    0.00  100.00
12:45:15      24    0.00    0.00    0.00    0.00    0.00    0.00    0.00    0.00  100.00
12:45:15      25    0.00    0.00    0.00    0.00    0.00    0.00    0.00    0.00  100.00
12:45:15      26    0.00    0.00    0.00    0.00    0.00    0.00    0.00    0.00  100.00
12:45:15      27    0.00    0.00    0.00    0.00    0.00    0.00    0.00    0.00  100.00
12:45:15      28    0.00    0.00    0.00    0.00    0.00    0.00    0.00    0.00  100.00
12:45:15      29    0.00    0.00    0.00    0.00    0.00    0.00    0.00    0.00  100.00
12:45:15      30    0.00    0.00    0.00    0.00    0.00    0.00    0.00    0.00  100.00
12:45:15      31    0.00    0.00    0.00    0.00    0.00    0.00    0.00    0.00  100.00

12:45:15     CPU    %usr   %nice    %sys %iowait    %irq   %soft  %steal  %guest   %idle
12:45:16     all    0.03    0.00    0.09    0.00    0.00    0.00    0.00    0.00   99.87
12:45:16       0    0.00    0.00    1.02    0.00    0.00    0.00    0.00    0.00   98.98
12:45:16       1    0.00    0.00    0.00    0.00    0.00    0.00    0.00    0.00  100.00
12:45:16       2    0.00    0.00    0.00    0.00    0.00    0.00    0.00    0.00  100.00
12:45:16       3    0.00    0.00    0.00    0.00    0.00    0.00    0.00    0.00  100.00
12:45:16       4    0.00    0.00    0.00    0.00    0.00    0.00    0.00    0.00  100.00
12:45:16       5    0.00    0.00    0.00    0.00    0.00    0.00    0.00    0.00  100.00
12:45:16       6    0.99    0.00    0.00    0.00    0.00    0.00    0.00    0.00   99.01
12:45:16       7    0.00    0.00    0.00    0.00    0.00    0.00    0.00    0.00  100.00
12:45:16       8    0.00    0.00    0.00    0.00    0.00    0.00    0.00    0.00  100.00
12:45:16       9    0.00    0.00    0.00    0.00    0.00    0.00    0.00    0.00  100.00
12:45:16      10    0.00    0.00    0.00    0.00    0.00    0.00    0.00    0.00  100.00
12:45:16      11    0.00    0.00    0.00    0.00    0.00    0.00    0.00    0.00  100.00
12:45:16      12    0.00    0.00    0.00    0.00    0.00    0.00    0.00    0.00  100.00
12:45:16      13    0.00    0.00    0.00    0.00    0.00    0.00    0.00    0.00  100.00
12:45:16      14    0.00    0.00    0.00    0.00    0.00    0.00    0.00    0.00  100.00
12:45:16      15    0.00    0.00    0.00    0.00    0.00    0.00    0.00    0.00  100.00
12:45:16      16    0.00    0.00    0.00    0.00    0.00    0.00    0.00    0.00  100.00
12:45:16      17    0.00    0.00    0.00    0.00    0.00    0.00    0.00    0.00  100.00
12:45:16      18    0.00    0.00    0.00    0.00    0.00    0.00    0.00    0.00  100.00
12:45:16      19    0.00    0.00    0.00    0.00    0.00    0.00    0.00    0.00  100.00
12:45:16      20    0.00    0.00    0.00    0.00    0.00    0.00    0.00    0.00  100.00
12:45:16      21    0.00    0.00    0.00    0.00    0.00    0.00    0.00    0.00  100.00
12:45:16      22    0.00    0.00    0.00    0.00    0.00    0.00    0.00    0.00  100.00
12:45:16      23    0.00    0.00    0.00    0.00    0.00    0.00    0.00    0.00  100.00
12:45:16      24    0.00    0.00    0.00    0.00    0.00    0.00    0.00    0.00  100.00
12:45:16      25    0.00    0.00    0.00    0.00    0.00    0.00    0.00    0.00  100.00
12:45:16      26    0.00    0.00    0.00    0.00    0.00    0.00    0.00    0.00  100.00
12:45:16      27    0.00    0.00    0.00    0.00    0.00    0.00    0.00    0.00  100.00
12:45:16      28    0.00    0.00    0.00    0.00    0.00    0.00    0.00    0.00  100.00
12:45:16      29    0.00    0.00    0.00    0.00    0.00    0.00    0.00    0.00  100.00
12:45:16      30    0.00    0.00    0.00    0.00    0.00    0.00    0.00    0.00  100.00
12:45:16      31    0.00    0.00    0.00    0.00    0.00    0.00    0.00    0.00  100.00

12:45:16     CPU    %usr   %nice    %sys %iowait    %irq   %soft  %steal  %guest   %idle
12:45:17     all    0.00    0.00    0.06    0.00    0.00    0.00    0.00    0.00   99.94
12:45:17       0    0.00    0.00    1.02    0.00    0.00    0.00    0.00    0.00   98.98
12:45:17       1    0.00    0.00    0.00    0.00    0.00    0.00    0.00    0.00  100.00
12:45:17       2    0.00    0.00    0.00    0.00    0.00    0.00    0.00    0.00  100.00
12:45:17       3    0.00    0.00    0.00    0.00    0.00    0.00    0.00    0.00  100.00
12:45:17       4    0.00    0.00    0.00    0.00    0.00    0.00    0.00    0.00  100.00
12:45:17       5    0.00    0.00    0.00    0.00    0.00    0.00    0.00    0.00  100.00
12:45:17       6    0.00    0.00    0.00    0.00    0.00    0.00    0.00    0.00  100.00
12:45:17       7    0.00    0.00    0.00    0.00    0.00    0.00    0.00    0.00  100.00
12:45:17       8    0.00    0.00    0.00    0.00    0.00    0.00    0.00    0.00  100.00
12:45:17       9    0.00    0.00    1.02    0.00    0.00    0.00    0.00    0.00   98.98
12:45:17      10    0.00    0.00    0.00    0.00    0.00    0.00    0.00    0.00  100.00
12:45:17      11    0.00    0.00    0.00    0.00    0.00    0.00    0.00    0.00  100.00
12:45:17      12    0.00    0.00    0.00    0.00    0.00    0.00    0.00    0.00  100.00
12:45:17      13    0.00    0.00    0.00    0.00    0.00    0.00    0.00    0.00  100.00
12:45:17      14    0.00    0.00    0.00    0.00    0.00    0.00    0.00    0.00  100.00
12:45:17      15    0.00    0.00    0.00    0.00    0.00    0.00    0.00    0.00  100.00
12:45:17      16    0.00    0.00    0.00    0.00    0.00    0.00    0.00    0.00  100.00
12:45:17      17    0.00    0.00    0.00    0.00    0.00    0.00    0.00    0.00  100.00
12:45:17      18    0.00    0.00    0.00    0.00    0.00    0.00    0.00    0.00  100.00
12:45:17      19    0.00    0.00    0.00    0.00    0.00    0.00    0.00    0.00  100.00
12:45:17      20    0.00    0.00    0.00    0.00    0.00    0.00    0.00    0.00  100.00
12:45:17      21    0.00    0.00    0.00    0.00    0.00    0.00    0.00    0.00  100.00
12:45:17      22    0.00    0.00    0.00    0.00    0.00    0.00    0.00    0.00  100.00
12:45:17      23    0.00    0.00    0.00    0.00    0.00    0.00    0.00    0.00  100.00
12:45:17      24    0.00    0.00    0.00    0.00    0.00    0.00    0.00    0.00  100.00
12:45:17      25    0.00    0.00    0.00    0.00    0.00    0.00    0.00    0.00  100.00
12:45:17      26    0.00    0.00    0.00    0.00    0.00    0.00    0.00    0.00  100.00
12:45:17      27    0.00    0.00    0.00    0.00    0.00    0.00    0.00    0.00  100.00
12:45:17      28    0.00    0.00    0.00    0.00    0.00    0.00    0.00    0.00  100.00
12:45:17      29    0.00    0.00    0.00    0.00    0.00    0.00    0.00    0.00  100.00
12:45:17      30    0.00    0.00    0.00    0.00    0.00    0.00    0.00    0.00  100.00
12:45:17      31    0.00    0.00    0.00    0.00    0.00    0.00    0.00    0.00  100.00

12:45:17     CPU    %usr   %nice    %sys %iowait    %irq   %soft  %steal  %guest   %idle
12:45:18     all    0.00    0.00    0.06    0.00    0.00    0.00    0.00    0.00   99.94
12:45:18       0    0.00    0.00    1.02    0.00    0.00    0.00    0.00    0.00   98.98
12:45:18       1    0.00    0.00    0.00    0.00    0.00    0.00    0.00    0.00  100.00
12:45:18       2    0.00    0.00    0.00    0.00    0.00    0.00    0.00    0.00  100.00
12:45:18       3    0.00    0.00    0.00    0.00    0.00    0.00    0.00    0.00  100.00
12:45:18       4    0.00    0.00    0.00    0.00    0.00    0.00    0.00    0.00  100.00
12:45:18       5    0.00    0.00    0.00    0.00    0.00    0.00    0.00    0.00  100.00
12:45:18       6    0.00    0.00    0.00    0.00    0.00    0.00    0.00    0.00  100.00
12:45:18       7    0.00    0.00    0.00    0.00    0.00    0.00    0.00    0.00  100.00
12:45:18       8    0.00    0.00    0.00    0.00    0.00    0.00    0.00    0.00  100.00
12:45:18       9    0.00    0.00    1.02    0.00    0.00    0.00    0.00    0.00   98.98
12:45:18      10    0.00    0.00    0.00    0.00    0.00    0.00    0.00    0.00  100.00
12:45:18      11    0.00    0.00    0.00    0.00    0.00    0.00    0.00    0.00  100.00
12:45:18      12    0.00    0.00    0.00    0.00    0.00    0.00    0.00    0.00  100.00
12:45:18      13    0.00    0.00    0.00    0.00    0.00    0.00    0.00    0.00  100.00
12:45:18      14    0.00    0.00    0.00    0.00    0.00    0.00    0.00    0.00  100.00
12:45:18      15    0.00    0.00    0.00    0.00    0.00    0.00    0.00    0.00  100.00
12:45:18      16    0.00    0.00    0.00    0.00    0.00    0.00    0.00    0.00  100.00
12:45:18      17    0.00    0.00    0.00    0.00    0.00    0.00    0.00    0.00  100.00
12:45:18      18    0.00    0.00    0.00    0.00    0.00    0.00    0.00    0.00  100.00
12:45:18      19    0.00    0.00    0.00    0.00    0.00    0.00    0.00    0.00  100.00
12:45:18      20    0.00    0.00    0.00    0.00    0.00    0.00    0.00    0.00  100.00
12:45:18      21    0.00    0.00    0.00    0.00    0.00    0.00    0.00    0.00  100.00
12:45:18      22    0.00    0.00    0.00    0.00    0.00    0.00    0.00    0.00  100.00
12:45:18      23    0.00    0.00    0.00    0.00    0.00    0.00    0.00    0.00  100.00
12:45:18      24    0.00    0.00    0.00    0.00    0.00    0.00    0.00    0.00  100.00
12:45:18      25    0.00    0.00    0.00    0.00    0.00    0.00    0.00    0.00  100.00
12:45:18      26    0.00    0.00    0.00    0.00    0.00    0.00    0.00    0.00  100.00
12:45:18      27    0.00    0.00    0.00    0.00    0.00    0.00    0.00    0.00  100.00
12:45:18      28    0.00    0.00    0.00    0.00    0.00    0.00    0.00    0.00  100.00
12:45:18      29    0.00    0.00    0.00    0.00    0.00    0.00    0.00    0.00  100.00
12:45:18      30    0.00    0.00    0.00    0.00    0.00    0.00    0.00    0.00  100.00
12:45:18      31    0.00    0.00    0.00    0.00    0.00    0.00    0.00    0.00  100.00

12:45:18     CPU    %usr   %nice    %sys %iowait    %irq   %soft  %steal  %guest   %idle
12:45:19     all    0.00    0.00    0.06    0.00    0.00    0.00    0.00    0.00   99.94
12:45:19       0    0.00    0.00    1.02    0.00    0.00    0.00    0.00    0.00   98.98
12:45:19       1    0.00    0.00    0.00    0.00    0.00    0.00    0.00    0.00  100.00
12:45:19       2    0.00    0.00    0.00    0.00    0.00    0.00    0.00    0.00  100.00
12:45:19       3    0.00    0.00    0.00    0.00    0.00    0.00    0.00    0.00  100.00
12:45:19       4    0.00    0.00    0.00    0.00    0.00    0.00    0.00    0.00  100.00
12:45:19       5    0.00    0.00    0.00    0.00    0.00    0.00    0.00    0.00  100.00
12:45:19       6    0.00    0.00    0.00    0.00    0.00    0.00    0.00    0.00  100.00
12:45:19       7    0.00    0.00    0.00    0.00    0.00    0.00    0.00    0.00  100.00
12:45:19       8    0.00    0.00    0.00    0.00    0.00    0.00    0.00    0.00  100.00
12:45:19       9    0.00    0.00    1.02    0.00    0.00    0.00    0.00    0.00   98.98
12:45:19      10    0.00    0.00    0.00    0.00    0.00    0.00    0.00    0.00  100.00
12:45:19      11    0.00    0.00    0.00    0.00    0.00    0.00    0.00    0.00  100.00
12:45:19      12    0.00    0.00    0.00    0.00    0.00    0.00    0.00    0.00  100.00
12:45:19      13    0.00    0.00    0.00    0.00    0.00    0.00    0.00    0.00  100.00
12:45:19      14    0.00    0.00    0.00    0.00    0.00    0.00    0.00    0.00  100.00
12:45:19      15    0.00    0.00    0.00    0.00    0.00    0.00    0.00    0.00  100.00
12:45:19      16    0.00    0.00    0.00    0.00    0.00    0.00    0.00    0.00  100.00
12:45:19      17    0.00    0.00    0.00    0.00    0.00    0.00    0.00    0.00  100.00
12:45:19      18    0.00    0.00    0.00    0.00    0.00    0.00    0.00    0.00  100.00
12:45:19      19    0.00    0.00    0.00    0.00    0.00    0.00    0.00    0.00  100.00
12:45:19      20    0.00    0.00    0.00    0.00    0.00    0.00    0.00    0.00  100.00
12:45:19      21    0.00    0.00    0.00    0.00    0.00    0.00    0.00    0.00  100.00
12:45:19      22    0.00    0.00    0.00    0.00    0.00    0.00    0.00    0.00  100.00
12:45:19      23    0.00    0.00    0.00    0.00    0.00    0.00    0.00    0.00  100.00
12:45:19      24    0.00    0.00    0.00    0.00    0.00    0.00    0.00    0.00  100.00
12:45:19      25    0.00    0.00    0.00    0.00    0.00    0.00    0.00    0.00  100.00
12:45:19      26    0.00    0.00    0.99    0.00    0.00    0.00    0.00    0.00   99.01
12:45:19      27    0.00    0.00    0.00    0.00    0.00    0.00    0.00    0.00  100.00
12:45:19      28    0.00    0.00    0.00    0.00    0.00    0.00    0.00    0.00  100.00
12:45:19      29    0.00    0.00    0.00    0.00    0.00    0.00    0.00    0.00  100.00
12:45:19      30    0.00    0.00    0.00    0.00    0.00    0.00    0.00    0.00  100.00
12:45:19      31    0.00    0.00    0.00    0.00    0.00    0.00    0.00    0.00  100.00

12:45:19     CPU    %usr   %nice    %sys %iowait    %irq   %soft  %steal  %guest   %idle
12:45:20     all    0.00    0.00    0.06    0.00    0.00    0.00    0.00    0.00   99.94
12:45:20       0    0.00    0.00    1.01    0.00    0.00    0.00    0.00    0.00   98.99
12:45:20       1    0.00    0.00    0.00    0.00    0.00    0.00    0.00    0.00  100.00
12:45:20       2    0.00    0.00    0.00    0.00    0.00    0.00    0.00    0.00  100.00
12:45:20       3    0.00    0.00    0.00    0.00    0.00    0.00    0.00    0.00  100.00
12:45:20       4    0.00    0.00    0.00    0.00    0.00    0.00    0.00    0.00  100.00
12:45:20       5    0.00    0.00    0.00    0.00    0.00    0.00    0.00    0.00  100.00
12:45:20       6    0.00    0.00    0.99    0.00    0.00    0.00    0.00    0.00   99.01
12:45:20       7    0.00    0.00    0.00    0.00    0.00    0.00    0.00    0.00  100.00
12:45:20       8    0.00    0.00    0.99    0.00    0.00    0.00    0.00    0.00   99.01
12:45:20       9    0.00    0.00    0.00    0.00    0.00    0.00    0.00    0.00  100.00
12:45:20      10    0.99    0.00    0.00    0.00    0.00    0.00    0.00    0.00   99.01
12:45:20      11    0.00    0.00    0.00    0.00    0.00    0.00    0.00    0.00  100.00
12:45:20      12    0.00    0.00    0.00    0.00    0.00    0.00    0.00    0.00  100.00
12:45:20      13    0.00    0.00    0.00    0.00    0.00    0.00    0.00    0.00  100.00
12:45:20      14    0.00    0.00    0.00    0.00    0.00    0.00    0.00    0.00  100.00
12:45:20      15    0.00    0.00    0.00    0.00    0.00    0.00    0.00    0.00  100.00
12:45:20      16    0.00    0.00    0.00    0.00    0.00    0.00    0.00    0.00  100.00
12:45:20      17    0.00    0.00    0.00    0.00    0.00    0.00    0.00    0.00  100.00
12:45:20      18    0.00    0.00    0.00    0.00    0.00    0.00    0.00    0.00  100.00
12:45:20      19    0.00    0.00    0.00    0.00    0.00    0.00    0.00    0.00  100.00
12:45:20      20    0.00    0.00    0.00    0.00    0.00    0.00    0.00    0.00  100.00
12:45:20      21    0.00    0.00    0.00    0.00    0.00    0.00    0.00    0.00  100.00
12:45:20      22    0.00    0.00    0.00    0.00    0.00    0.00    0.00    0.00  100.00
12:45:20      23    0.00    0.00    0.00    0.00    0.00    0.00    0.00    0.00  100.00
12:45:20      24    0.00    0.00    0.00    0.00    0.00    0.00    0.00    0.00  100.00
12:45:20      25    0.00    0.00    0.00    0.00    0.00    0.00    0.00    0.00  100.00
12:45:20      26    0.00    0.00    0.00    0.00    0.00    0.00    0.00    0.00  100.00
12:45:20      27    0.00    0.00    0.00    0.00    0.00    0.00    0.00    0.00  100.00
12:45:20      28    0.00    0.00    0.00    0.00    0.00    0.00    0.00    0.00  100.00
12:45:20      29    0.00    0.00    0.00    0.00    0.00    0.00    0.00    0.00  100.00
12:45:20      30    0.00    0.00    0.00    0.00    0.00    0.00    0.00    0.00  100.00
12:45:20      31    0.00    0.00    0.00    0.00    0.00    0.00    0.00    0.00  100.00

12:45:20     CPU    %usr   %nice    %sys %iowait    %irq   %soft  %steal  %guest   %idle
12:45:21     all    0.00    0.00    0.06    0.00    0.00    0.00    0.00    0.00   99.94
12:45:21       0    0.00    0.00    1.02    0.00    0.00    0.00    0.00    0.00   98.98
12:45:21       1    0.00    0.00    0.00    0.00    0.00    0.00    0.00    0.00  100.00
12:45:21       2    0.00    0.00    0.00    0.00    0.00    0.00    0.00    0.00  100.00
12:45:21       3    0.00    0.00    0.00    0.00    0.00    0.00    0.00    0.00  100.00
12:45:21       4    0.00    0.00    0.00    0.00    0.00    0.00    0.00    0.00  100.00
12:45:21       5    0.00    0.00    0.00    0.00    0.00    0.00    0.00    0.00  100.00
12:45:21       6    0.00    0.00    0.00    0.00    0.00    0.00    0.00    0.00  100.00
12:45:21       7    0.00    0.00    0.00    0.00    0.00    0.00    0.00    0.00  100.00
12:45:21       8    0.00    0.00    0.00    0.00    0.00    0.00    0.00    0.00  100.00
12:45:21       9    0.00    0.00    1.02    0.00    0.00    0.00    0.00    0.00   98.98
12:45:21      10    0.00    0.00    0.00    0.00    0.00    0.00    0.00    0.00  100.00
12:45:21      11    0.00    0.00    0.00    0.00    0.00    0.00    0.00    0.00  100.00
12:45:21      12    0.00    0.00    0.00    0.00    0.00    0.00    0.00    0.00  100.00
12:45:21      13    0.00    0.00    0.00    0.00    0.00    0.00    0.00    0.00  100.00
12:45:21      14    0.00    0.00    0.00    0.00    0.00    0.00    0.00    0.00  100.00
12:45:21      15    0.00    0.00    0.00    0.00    0.00    0.00    0.00    0.00  100.00
12:45:21      16    0.00    0.00    0.00    0.00    0.00    0.00    0.00    0.00  100.00
12:45:21      17    0.00    0.00    0.00    0.00    0.00    0.00    0.00    0.00  100.00
12:45:21      18    0.00    0.00    0.00    0.00    0.00    0.00    0.00    0.00  100.00
12:45:21      19    0.00    0.00    0.00    0.00    0.00    0.00    0.00    0.00  100.00
12:45:21      20    0.00    0.00    0.00    0.00    0.00    0.00    0.00    0.00  100.00
12:45:21      21    0.00    0.00    0.00    0.00    0.00    0.00    0.00    0.00  100.00
12:45:21      22    0.00    0.00    0.00    0.00    0.00    0.00    0.00    0.00  100.00
12:45:21      23    0.00    0.00    0.00    0.00    0.00    0.00    0.00    0.00  100.00
12:45:21      24    0.00    0.00    0.00    0.00    0.00    0.00    0.00    0.00  100.00
12:45:21      25    0.00    0.00    0.00    0.00    0.00    0.00    0.00    0.00  100.00
12:45:21      26    0.00    0.00    0.00    0.00    0.00    0.00    0.00    0.00  100.00
12:45:21      27    0.00    0.00    0.00    0.00    0.00    0.00    0.00    0.00  100.00
12:45:21      28    0.00    0.00    0.00    0.00    0.00    0.00    0.00    0.00  100.00
12:45:21      29    0.00    0.00    0.00    0.00    0.00    0.00    0.00    0.00  100.00
12:45:21      30    0.00    0.00    0.00    0.00    0.00    0.00    0.00    0.00  100.00
12:45:21      31    0.00    0.00    0.00    0.00    0.00    0.00    0.00    0.00  100.00

12:45:21     CPU    %usr   %nice    %sys %iowait    %irq   %soft  %steal  %guest   %idle
12:45:22     all    0.03    0.00    0.06    0.00    0.00    0.00    0.00    0.00   99.91
12:45:22       0    0.00    0.00    1.02    0.00    0.00    0.00    0.00    0.00   98.98
12:45:22       1    0.00    0.00    0.00    0.00    0.00    0.00    0.00    0.00  100.00
12:45:22       2    0.00    0.00    0.00    0.00    0.00    0.00    0.00    0.00  100.00
12:45:22       3    0.00    0.00    0.00    0.00    0.00    0.00    0.00    0.00  100.00
12:45:22       4    0.00    0.00    0.00    0.00    0.00    0.00    0.00    0.00  100.00
12:45:22       5    0.00    0.00    0.00    0.00    0.00    0.00    0.00    0.00  100.00
12:45:22       6    0.00    0.00    0.00    0.00    0.00    0.00    0.00    0.00  100.00
12:45:22       7    0.00    0.00    0.00    0.00    0.00    0.00    0.00    0.00  100.00
12:45:22       8    0.00    0.00    0.00    0.00    0.00    0.00    0.00    0.00  100.00
12:45:22       9    1.01    0.00    1.01    0.00    0.00    0.00    0.00    0.00   97.98
12:45:22      10    0.00    0.00    0.00    0.00    0.00    0.00    0.00    0.00  100.00
12:45:22      11    0.00    0.00    0.00    0.00    0.00    0.00    0.00    0.00  100.00
12:45:22      12    0.00    0.00    0.00    0.00    0.00    0.00    0.00    0.00  100.00
12:45:22      13    0.00    0.00    0.00    0.00    0.00    0.00    0.00    0.00  100.00
12:45:22      14    0.00    0.00    0.00    0.00    0.00    0.00    0.00    0.00  100.00
12:45:22      15    0.00    0.00    0.00    0.00    0.00    0.00    0.00    0.00  100.00
12:45:22      16    0.00    0.00    0.00    0.00    0.00    0.00    0.00    0.00  100.00
12:45:22      17    0.00    0.00    0.00    0.00    0.00    0.00    0.00    0.00  100.00
12:45:22      18    0.00    0.00    0.00    0.00    0.00    0.00    0.00    0.00  100.00
12:45:22      19    0.00    0.00    0.00    0.00    0.00    0.00    0.00    0.00  100.00
12:45:22      20    0.00    0.00    0.00    0.00    0.00    0.00    0.00    0.00  100.00
12:45:22      21    0.00    0.00    0.00    0.00    0.00    0.00    0.00    0.00  100.00
12:45:22      22    0.00    0.00    0.00    0.00    0.00    0.00    0.00    0.00  100.00
12:45:22      23    0.00    0.00    0.00    0.00    0.00    0.00    0.00    0.00  100.00
12:45:22      24    0.00    0.00    0.00    0.00    0.00    0.00    0.00    0.00  100.00
12:45:22      25    0.00    0.00    0.00    0.00    0.00    0.00    0.00    0.00  100.00
12:45:22      26    0.00    0.00    0.00    0.00    0.00    0.00    0.00    0.00  100.00
12:45:22      27    0.00    0.00    0.00    0.00    0.00    0.00    0.00    0.00  100.00
12:45:22      28    0.00    0.00    0.00    0.00    0.00    0.00    0.00    0.00  100.00
12:45:22      29    0.00    0.00    0.00    0.00    0.00    0.00    0.00    0.00  100.00
12:45:22      30    0.00    0.00    0.00    0.00    0.00    0.00    0.00    0.00  100.00
12:45:22      31    0.00    0.00    0.00    0.00    0.00    0.00    0.00    0.00  100.00

12:45:22     CPU    %usr   %nice    %sys %iowait    %irq   %soft  %steal  %guest   %idle
12:45:23     all    0.00    0.00    0.06    0.00    0.00    0.00    0.00    0.00   99.94
12:45:23       0    0.00    0.00    1.02    0.00    0.00    0.00    0.00    0.00   98.98
12:45:23       1    0.00    0.00    0.00    0.00    0.00    0.00    0.00    0.00  100.00
12:45:23       2    0.00    0.00    0.00    0.00    0.00    0.00    0.00    0.00  100.00
12:45:23       3    0.00    0.00    0.00    0.00    0.00    0.00    0.00    0.00  100.00
12:45:23       4    0.00    0.00    0.00    0.00    0.00    0.00    0.00    0.00  100.00
12:45:23       5    0.00    0.00    0.00    0.00    0.00    0.00    0.00    0.00  100.00
12:45:23       6    0.00    0.00    0.00    0.00    0.00    0.00    0.00    0.00  100.00
12:45:23       7    0.00    0.00    0.00    0.00    0.00    0.00    0.00    0.00  100.00
12:45:23       8    0.00    0.00    0.00    0.00    0.00    0.00    0.00    0.00  100.00
12:45:23       9    0.00    0.00    0.00    0.00    0.00    0.00    0.00    0.00  100.00
12:45:23      10    0.00    0.00    0.00    0.00    0.00    0.00    0.00    0.00  100.00
12:45:23      11    0.00    0.00    0.00    0.00    0.00    0.00    0.00    0.00  100.00
12:45:23      12    0.00    0.00    0.00    0.00    0.00    0.00    0.00    0.00  100.00
12:45:23      13    0.00    0.00    0.00    0.00    0.00    0.00    0.00    0.00  100.00
12:45:23      14    0.00    0.00    0.00    0.00    0.00    0.00    0.00    0.00  100.00
12:45:23      15    0.00    0.00    0.00    0.00    0.00    0.00    0.00    0.00  100.00
12:45:23      16    0.00    0.00    0.00    0.00    0.00    0.00    0.00    0.00  100.00
12:45:23      17    0.00    0.00    0.00    0.00    0.00    0.00    0.00    0.00  100.00
12:45:23      18    0.00    0.00    0.00    0.00    0.00    0.00    0.00    0.00  100.00
12:45:23      19    0.00    0.00    0.00    0.00    0.00    0.00    0.00    0.00  100.00
12:45:23      20    0.00    0.00    0.00    0.00    0.00    0.00    0.00    0.00  100.00
12:45:23      21    0.00    0.00    0.00    0.00    0.00    0.00    0.00    0.00  100.00
12:45:23      22    0.00    0.00    0.00    0.00    0.00    0.00    0.00    0.00  100.00
12:45:23      23    0.00    0.00    0.00    0.00    0.00    0.00    0.00    0.00  100.00
12:45:23      24    0.00    0.00    0.00    0.00    0.00    0.00    0.00    0.00  100.00
12:45:23      25    0.00    0.00    0.00    0.00    0.00    0.00    0.00    0.00  100.00
12:45:23      26    0.00    0.00    0.00    0.00    0.00    0.00    0.00    0.00  100.00
12:45:23      27    0.00    0.00    0.00    0.00    0.00    0.00    0.00    0.00  100.00
12:45:23      28    0.00    0.00    0.00    0.00    0.00    0.00    0.00    0.00  100.00
12:45:23      29    0.00    0.00    0.00    0.00    0.00    0.00    0.00    0.00  100.00
12:45:23      30    0.00    0.00    0.00    0.00    0.00    0.00    0.00    0.00  100.00
12:45:23      31    0.00    0.00    0.00    0.00    0.00    0.00    0.00    0.00  100.00

12:45:23     CPU    %usr   %nice    %sys %iowait    %irq   %soft  %steal  %guest   %idle
12:45:24     all    0.00    0.00    0.06    0.00    0.00    0.00    0.00    0.00   99.94
12:45:24       0    0.00    0.00    1.02    0.00    0.00    0.00    0.00    0.00   98.98
12:45:24       1    0.00    0.00    0.00    0.00    0.00    0.00    0.00    0.00  100.00
12:45:24       2    0.00    0.00    0.00    0.00    0.00    0.00    0.00    0.00  100.00
12:45:24       3    0.00    0.00    0.00    0.00    0.00    0.00    0.00    0.00  100.00
12:45:24       4    0.00    0.00    0.00    0.00    0.00    0.00    0.00    0.00  100.00
12:45:24       5    0.00    0.00    0.00    0.00    0.00    0.00    0.00    0.00  100.00
12:45:24       6    0.00    0.00    0.00    0.00    0.00    0.00    0.00    0.00  100.00
12:45:24       7    0.00    0.00    0.00    0.00    0.00    0.00    0.00    0.00  100.00
12:45:24       8    0.00    0.00    0.00    0.00    0.00    0.00    0.00    0.00  100.00
12:45:24       9    0.00    0.00    1.01    0.00    0.00    0.00    0.00    0.00   98.99
12:45:24      10    0.00    0.00    0.00    0.00    0.00    0.00    0.00    0.00  100.00
12:45:24      11    0.00    0.00    0.00    0.00    0.00    0.00    0.00    0.00  100.00
12:45:24      12    0.00    0.00    0.00    0.00    0.00    0.00    0.00    0.00  100.00
12:45:24      13    0.00    0.00    0.00    0.00    0.00    0.00    0.00    0.00  100.00
12:45:24      14    0.00    0.00    0.00    0.00    0.00    0.00    0.00    0.00  100.00
12:45:24      15    0.00    0.00    0.00    0.00    0.00    0.00    0.00    0.00  100.00
12:45:24      16    0.00    0.00    0.00    0.00    0.00    0.00    0.00    0.00  100.00
12:45:24      17    0.00    0.00    0.00    0.00    0.00    0.00    0.00    0.00  100.00
12:45:24      18    0.00    0.00    0.00    0.00    0.00    0.00    0.00    0.00  100.00
12:45:24      19    0.00    0.00    0.00    0.00    0.00    0.00    0.00    0.00  100.00
12:45:24      20    0.00    0.00    0.00    0.00    0.00    0.00    0.00    0.00  100.00
12:45:24      21    0.00    0.00    0.00    0.00    0.00    0.00    0.00    0.00  100.00
12:45:24      22    0.00    0.00    0.00    0.00    0.00    0.00    0.00    0.00  100.00
12:45:24      23    0.00    0.00    0.00    0.00    0.00    0.00    0.00    0.00  100.00
12:45:24      24    0.00    0.00    0.00    0.00    0.00    0.00    0.00    0.00  100.00
12:45:24      25    0.00    0.00    0.00    0.00    0.00    0.00    0.00    0.00  100.00
12:45:24      26    0.00    0.00    0.00    0.00    0.00    0.00    0.00    0.00  100.00
12:45:24      27    0.00    0.00    0.00    0.00    0.00    0.00    0.00    0.00  100.00
12:45:24      28    0.00    0.00    0.00    0.00    0.00    0.00    0.00    0.00  100.00
12:45:24      29    0.00    0.00    0.00    0.00    0.00    0.00    0.00    0.00  100.00
12:45:24      30    0.00    0.00    0.00    0.00    0.00    0.00    0.00    0.00  100.00
12:45:24      31    0.00    0.00    0.00    0.00    0.00    0.00    0.00    0.00  100.00

12:45:24     CPU    %usr   %nice    %sys %iowait    %irq   %soft  %steal  %guest   %idle
12:45:25     all    0.00    0.00    0.09    0.00    0.00    0.00    0.00    0.00   99.91
12:45:25       0    0.00    0.00    1.02    0.00    0.00    0.00    0.00    0.00   98.98
12:45:25       1    0.00    0.00    0.00    0.00    0.00    0.00    0.00    0.00  100.00
12:45:25       2    0.00    0.00    0.00    0.00    0.00    0.00    0.00    0.00  100.00
12:45:25       3    0.00    0.00    0.00    0.00    0.00    0.00    0.00    0.00  100.00
12:45:25       4    0.00    0.00    0.00    0.00    0.00    0.00    0.00    0.00  100.00
12:45:25       5    0.00    0.00    0.00    0.00    0.00    0.00    0.00    0.00  100.00
12:45:25       6    0.00    0.00    0.00    0.00    0.00    0.00    0.00    0.00  100.00
12:45:25       7    0.00    0.00    0.00    0.00    0.00    0.00    0.00    0.00  100.00
12:45:25       8    0.00    0.00    0.00    0.00    0.00    0.00    0.00    0.00  100.00
12:45:25       9    0.00    0.00    2.02    0.00    0.00    0.00    0.00    0.00   97.98
12:45:25      10    0.00    0.00    0.00    0.00    0.00    0.00    0.00    0.00  100.00
12:45:25      11    0.00    0.00    0.00    0.00    0.00    0.00    0.00    0.00  100.00
12:45:25      12    0.00    0.00    0.00    0.00    0.00    0.00    0.00    0.00  100.00
12:45:25      13    0.00    0.00    0.00    0.00    0.00    0.00    0.00    0.00  100.00
12:45:25      14    0.00    0.00    0.00    0.00    0.00    0.00    0.00    0.00  100.00
12:45:25      15    0.00    0.00    0.00    0.00    0.00    0.00    0.00    0.00  100.00
12:45:25      16    0.00    0.00    0.00    0.00    0.00    0.00    0.00    0.00  100.00
12:45:25      17    0.00    0.00    0.00    0.00    0.00    0.00    0.00    0.00  100.00
12:45:25      18    0.00    0.00    0.00    0.00    0.00    0.00    0.00    0.00  100.00
12:45:25      19    0.00    0.00    0.00    0.00    0.00    0.00    0.00    0.00  100.00
12:45:25      20    0.00    0.00    0.00    0.00    0.00    0.00    0.00    0.00  100.00
12:45:25      21    0.00    0.00    0.00    0.00    0.00    0.00    0.00    0.00  100.00
12:45:25      22    0.00    0.00    0.00    0.00    0.00    0.00    0.00    0.00  100.00
12:45:25      23    0.00    0.00    0.00    0.00    0.00    0.00    0.00    0.00  100.00
12:45:25      24    0.00    0.00    0.00    0.00    0.00    0.00    0.00    0.00  100.00
12:45:25      25    0.00    0.00    0.00    0.00    0.00    0.00    0.00    0.00  100.00
12:45:25      26    0.00    0.00    0.00    0.00    0.00    0.00    0.00    0.00  100.00
12:45:25      27    0.00    0.00    0.00    0.00    0.00    0.00    0.00    0.00  100.00
12:45:25      28    0.00    0.00    0.00    0.00    0.00    0.00    0.00    0.00  100.00
12:45:25      29    0.00    0.00    0.00    0.00    0.00    0.00    0.00    0.00  100.00
12:45:25      30    0.00    0.00    0.00    0.00    0.00    0.00    0.00    0.00  100.00
12:45:25      31    0.00    0.00    0.00    0.00    0.00    0.00    0.00    0.00  100.00

12:45:25     CPU    %usr   %nice    %sys %iowait    %irq   %soft  %steal  %guest   %idle
12:45:26     all    0.00    0.00    0.06    0.00    0.00    0.00    0.00    0.00   99.94
12:45:26       0    0.00    0.00    1.02    0.00    0.00    0.00    0.00    0.00   98.98
12:45:26       1    0.00    0.00    0.00    0.00    0.00    0.00    0.00    0.00  100.00
12:45:26       2    0.00    0.00    0.00    0.00    0.00    0.00    0.00    0.00  100.00
12:45:26       3    0.00    0.00    0.00    0.00    0.00    0.00    0.00    0.00  100.00
12:45:26       4    0.00    0.00    0.00    0.00    0.00    0.00    0.00    0.00  100.00
12:45:26       5    0.00    0.00    0.00    0.00    0.00    0.00    0.00    0.00  100.00
12:45:26       6    0.00    0.00    0.00    0.00    0.00    0.00    0.00    0.00  100.00
12:45:26       7    0.00    0.00    0.00    0.00    0.00    0.00    0.00    0.00  100.00
12:45:26       8    0.00    0.00    0.00    0.00    0.00    0.00    0.00    0.00  100.00
12:45:26       9    0.00    0.00    1.02    0.00    0.00    0.00    0.00    0.00   98.98
12:45:26      10    0.00    0.00    0.99    0.00    0.00    0.00    0.00    0.00   99.01
12:45:26      11    0.00    0.00    0.00    0.00    0.00    0.00    0.00    0.00  100.00
12:45:26      12    0.00    0.00    0.00    0.00    0.00    0.00    0.00    0.00  100.00
12:45:26      13    0.00    0.00    0.00    0.00    0.00    0.00    0.00    0.00  100.00
12:45:26      14    0.00    0.00    0.00    0.00    0.00    0.00    0.00    0.00  100.00
12:45:26      15    0.00    0.00    0.00    0.00    0.00    0.00    0.00    0.00  100.00
12:45:26      16    0.00    0.00    0.00    0.00    0.00    0.00    0.00    0.00  100.00
12:45:26      17    0.00    0.00    0.00    0.00    0.00    0.00    0.00    0.00  100.00
12:45:26      18    0.00    0.00    0.00    0.00    0.00    0.00    0.00    0.00  100.00
12:45:26      19    0.00    0.00    0.00    0.00    0.00    0.00    0.00    0.00  100.00
12:45:26      20    0.00    0.00    0.00    0.00    0.00    0.00    0.00    0.00  100.00
12:45:26      21    0.00    0.00    0.00    0.00    0.00    0.00    0.00    0.00  100.00
12:45:26      22    0.00    0.00    0.00    0.00    0.00    0.00    0.00    0.00  100.00
12:45:26      23    0.00    0.00    0.00    0.00    0.00    0.00    0.00    0.00  100.00
12:45:26      24    0.00    0.00    0.00    0.00    0.00    0.00    0.00    0.00  100.00
12:45:26      25    0.00    0.00    0.00    0.00    0.00    0.00    0.00    0.00  100.00
12:45:26      26    0.00    0.00    0.00    0.00    0.00    0.00    0.00    0.00  100.00
12:45:26      27    0.00    0.00    0.00    0.00    0.00    0.00    0.00    0.00  100.00
12:45:26      28    0.00    0.00    0.00    0.00    0.00    0.00    0.00    0.00  100.00
12:45:26      29    0.00    0.00    0.00    0.00    0.00    0.00    0.00    0.00  100.00
12:45:26      30    0.00    0.00    0.00    0.00    0.00    0.00    0.00    0.00  100.00
12:45:26      31    0.00    0.00    0.00    0.00    0.00    0.00    0.00    0.00  100.00

12:45:26     CPU    %usr   %nice    %sys %iowait    %irq   %soft  %steal  %guest   %idle
12:45:27     all    0.03    0.00    0.09    0.00    0.00    0.00    0.00    0.00   99.87
12:45:27       0    0.00    0.00    1.02    0.00    0.00    0.00    0.00    0.00   98.98
12:45:27       1    0.00    0.00    0.00    0.00    0.00    0.00    0.00    0.00  100.00
12:45:27       2    0.00    0.00    0.00    0.00    0.00    0.00    0.00    0.00  100.00
12:45:27       3    0.00    0.00    0.00    0.00    0.00    0.00    0.00    0.00  100.00
12:45:27       4    0.00    0.00    0.00    0.00    0.00    0.00    0.00    0.00  100.00
12:45:27       5    0.00    0.00    0.00    0.00    0.00    0.00    0.00    0.00  100.00
12:45:27       6    0.00    0.00    0.00    0.00    0.00    0.00    0.00    0.00  100.00
12:45:27       7    0.00    0.00    0.00    0.00    0.00    0.00    0.00    0.00  100.00
12:45:27       8    0.00    0.00    0.00    0.00    0.00    0.00    0.00    0.00  100.00
12:45:27       9    0.00    0.00    1.02    0.00    0.00    0.00    0.00    0.00   98.98
12:45:27      10    0.00    0.00    0.00    0.00    0.00    0.00    0.00    0.00  100.00
12:45:27      11    0.00    0.00    0.00    0.00    0.00    0.00    0.00    0.00  100.00
12:45:27      12    0.00    0.00    0.00    0.00    0.00    0.00    0.00    0.00  100.00
12:45:27      13    0.00    0.00    0.00    0.00    0.00    0.00    0.00    0.00  100.00
12:45:27      14    0.00    0.00    0.00    0.00    0.00    0.00    0.00    0.00  100.00
12:45:27      15    0.00    0.00    0.00    0.00    0.00    0.00    0.00    0.00  100.00
12:45:27      16    0.00    0.00    0.00    0.00    0.00    0.00    0.00    0.00  100.00
12:45:27      17    0.00    0.00    0.00    0.00    0.00    0.00    0.00    0.00  100.00
12:45:27      18    0.00    0.00    0.00    0.00    0.00    0.00    0.00    0.00  100.00
12:45:27      19    0.00    0.00    0.00    0.00    0.00    0.00    0.00    0.00  100.00
12:45:27      20    0.00    0.00    0.00    0.00    0.00    0.00    0.00    0.00  100.00
12:45:27      21    0.00    0.00    0.00    0.00    0.00    0.00    0.00    0.00  100.00
12:45:27      22    0.00    0.00    0.00    0.00    0.00    0.00    0.00    0.00  100.00
12:45:27      23    0.00    0.00    0.00    0.00    0.00    0.00    0.00    0.00  100.00
12:45:27      24    0.00    0.00    0.00    0.00    0.00    0.00    0.00    0.00  100.00
12:45:27      25    0.00    0.00    0.00    0.00    0.00    0.00    0.00    0.00  100.00
12:45:27      26    0.00    0.00    0.00    0.00    0.00    0.00    0.00    0.00  100.00
12:45:27      27    0.00    0.00    0.00    0.00    0.00    0.00    0.00    0.00  100.00
12:45:27      28    0.00    0.00    0.00    0.00    0.00    0.00    0.00    0.00  100.00
12:45:27      29    0.00    0.00    0.00    0.00    0.00    0.00    0.00    0.00  100.00
12:45:27      30    0.00    0.00    0.00    0.00    0.00    0.00    0.00    0.00  100.00
12:45:27      31    0.00    0.00    0.00    0.00    0.00    0.00    0.00    0.00  100.00

12:45:27     CPU    %usr   %nice    %sys %iowait    %irq   %soft  %steal  %guest   %idle
12:45:28     all    0.00    0.00    0.09    0.00    0.00    0.00    0.00    0.00   99.91
12:45:28       0    0.00    0.00    1.01    0.00    0.00    0.00    0.00    0.00   98.99
12:45:28       1    0.00    0.00    0.00    0.00    0.00    0.00    0.00    0.00  100.00
12:45:28       2    0.00    0.00    0.00    0.00    0.00    0.00    0.00    0.00  100.00
12:45:28       3    0.00    0.00    0.00    0.00    0.00    0.00    0.00    0.00  100.00
12:45:28       4    0.00    0.00    0.00    0.00    0.00    0.00    0.00    0.00  100.00
12:45:28       5    0.00    0.00    0.00    0.00    0.00    0.00    0.00    0.00  100.00
12:45:28       6    0.00    0.00    0.00    0.00    0.00    0.00    0.00    0.00  100.00
12:45:28       7    0.00    0.00    0.00    0.00    0.00    0.00    0.00    0.00  100.00
12:45:28       8    0.00    0.00    0.00    0.00    0.00    0.00    0.00    0.00  100.00
12:45:28       9    0.00    0.00    1.02    0.00    0.00    0.00    0.00    0.00   98.98
12:45:28      10    0.00    0.00    0.00    0.00    0.00    0.00    0.00    0.00  100.00
12:45:28      11    0.00    0.00    0.00    0.00    0.00    0.00    0.00    0.00  100.00
12:45:28      12    0.00    0.00    0.00    0.00    0.00    0.00    0.00    0.00  100.00
12:45:28      13    0.00    0.00    0.00    0.00    0.00    0.00    0.00    0.00  100.00
12:45:28      14    0.00    0.00    0.00    0.00    0.00    0.00    0.00    0.00  100.00
12:45:28      15    0.00    0.00    0.00    0.00    0.00    0.00    0.00    0.00  100.00
12:45:28      16    0.00    0.00    0.00    0.00    0.00    0.00    0.00    0.00  100.00
12:45:28      17    0.00    0.00    0.00    0.00    0.00    0.00    0.00    0.00  100.00
12:45:28      18    0.00    0.00    0.00    0.00    0.00    0.00    0.00    0.00  100.00
12:45:28      19    0.00    0.00    0.00    0.00    0.00    0.00    0.00    0.00  100.00
12:45:28      20    0.00    0.00    0.00    0.00    0.00    0.00    0.00    0.00  100.00
12:45:28      21    0.00    0.00    0.00    0.00    0.00    0.00    0.00    0.00  100.00
12:45:28      22    0.00    0.00    0.00    0.00    0.00    0.00    0.00    0.00  100.00
12:45:28      23    0.00    0.00    0.00    0.00    0.00    0.00    0.00    0.00  100.00
12:45:28      24    0.00    0.00    0.00    0.00    0.00    0.00    0.00    0.00  100.00
12:45:28      25    0.00    0.00    0.00    0.00    0.00    0.00    0.00    0.00  100.00
12:45:28      26    0.00    0.00    0.00    0.00    0.00    0.00    0.00    0.00  100.00
12:45:28      27    0.00    0.00    0.00    0.00    0.00    0.00    0.00    0.00  100.00
12:45:28      28    0.00    0.00    0.00    0.00    0.00    0.00    0.00    0.00  100.00
12:45:28      29    0.00    0.00    0.00    0.00    0.00    0.00    0.00    0.00  100.00
12:45:28      30    0.00    0.00    0.00    0.00    0.00    0.00    0.00    0.00  100.00
12:45:28      31    0.00    0.00    0.00    0.00    0.00    0.00    0.00    0.00  100.00
