Linux 2.6.32-279.14.1.el6.x86_64 (compute-641-20.local) 	04/21/20 	_x86_64_	(32 CPU)

12:48:25     CPU    %usr   %nice    %sys %iowait    %irq   %soft  %steal  %guest   %idle
12:48:26     all   95.00    0.00    0.06    0.00    0.00    0.00    0.00    0.00    4.94
12:48:26       0   98.00    0.00    0.00    0.00    0.00    0.00    0.00    0.00    2.00
12:48:26       1   98.00    0.00    0.00    0.00    0.00    0.00    0.00    0.00    2.00
12:48:26       2   98.00    0.00    0.00    0.00    0.00    0.00    0.00    0.00    2.00
12:48:26       3   98.00    0.00    0.00    0.00    0.00    0.00    0.00    0.00    2.00
12:48:26       4   98.00    0.00    0.00    0.00    0.00    0.00    0.00    0.00    2.00
12:48:26       5   97.03    0.00    0.00    0.00    0.00    0.00    0.00    0.00    2.97
12:48:26       6   97.98    0.00    0.00    0.00    0.00    0.00    0.00    0.00    2.02
12:48:26       7   98.00    0.00    0.00    0.00    0.00    0.00    0.00    0.00    2.00
12:48:26       8   97.03    0.00    0.00    0.00    0.00    0.00    0.00    0.00    2.97
12:48:26       9   97.03    0.00    0.00    0.00    0.00    0.00    0.00    0.00    2.97
12:48:26      10   97.98    0.00    0.00    0.00    0.00    0.00    0.00    0.00    2.02
12:48:26      11   98.00    0.00    0.00    0.00    0.00    0.00    0.00    0.00    2.00
12:48:26      12   98.00    0.00    0.00    0.00    0.00    0.00    0.00    0.00    2.00
12:48:26      13   98.00    0.00    0.00    0.00    0.00    0.00    0.00    0.00    2.00
12:48:26      14   98.00    0.00    0.00    0.00    0.00    0.00    0.00    0.00    2.00
12:48:26      15   98.00    0.00    0.00    0.00    0.00    0.00    0.00    0.00    2.00
12:48:26      16   97.98    0.00    0.00    0.00    0.00    0.00    0.00    0.00    2.02
12:48:26      17   99.01    0.00    0.00    0.00    0.00    0.00    0.00    0.00    0.99
12:48:26      18   99.00    0.00    0.00    0.00    0.00    0.00    0.00    0.00    1.00
12:48:26      19  100.00    0.00    0.00    0.00    0.00    0.00    0.00    0.00    0.00
12:48:26      20   97.98    0.00    0.00    0.00    0.00    0.00    0.00    0.00    2.02
12:48:26      21   97.00    0.00    0.00    0.00    0.00    0.00    0.00    0.00    3.00
12:48:26      22    0.00    0.00    0.00    0.00    0.00    0.00    0.00    0.00  100.00
12:48:26      23   97.03    0.00    0.00    0.00    0.00    0.00    0.00    0.00    2.97
12:48:26      24   98.00    0.00    0.00    0.00    0.00    0.00    0.00    0.00    2.00
12:48:26      25   98.00    0.00    0.00    0.00    0.00    0.00    0.00    0.00    2.00
12:48:26      26   98.00    0.00    0.00    0.00    0.00    0.00    0.00    0.00    2.00
12:48:26      27   98.00    0.00    2.00    0.00    0.00    0.00    0.00    0.00    0.00
12:48:26      28   99.01    0.00    0.00    0.00    0.00    0.00    0.00    0.00    0.99
12:48:26      29   99.00    0.00    0.00    0.00    0.00    0.00    0.00    0.00    1.00
12:48:26      30   99.00    0.00    0.00    0.00    0.00    0.00    0.00    0.00    1.00
12:48:26      31   97.98    0.00    0.00    0.00    0.00    0.00    0.00    0.00    2.02

12:48:26     CPU    %usr   %nice    %sys %iowait    %irq   %soft  %steal  %guest   %idle
12:48:27     all   96.88    0.00    0.00    0.00    0.00    0.00    0.00    0.00    3.12
12:48:27       0  100.00    0.00    0.00    0.00    0.00    0.00    0.00    0.00    0.00
12:48:27       1  100.00    0.00    0.00    0.00    0.00    0.00    0.00    0.00    0.00
12:48:27       2  100.00    0.00    0.00    0.00    0.00    0.00    0.00    0.00    0.00
12:48:27       3  100.00    0.00    0.00    0.00    0.00    0.00    0.00    0.00    0.00
12:48:27       4  100.00    0.00    0.00    0.00    0.00    0.00    0.00    0.00    0.00
12:48:27       5  100.00    0.00    0.00    0.00    0.00    0.00    0.00    0.00    0.00
12:48:27       6  100.00    0.00    0.00    0.00    0.00    0.00    0.00    0.00    0.00
12:48:27       7  100.00    0.00    0.00    0.00    0.00    0.00    0.00    0.00    0.00
12:48:27       8  100.00    0.00    0.00    0.00    0.00    0.00    0.00    0.00    0.00
12:48:27       9  100.00    0.00    0.00    0.00    0.00    0.00    0.00    0.00    0.00
12:48:27      10  100.00    0.00    0.00    0.00    0.00    0.00    0.00    0.00    0.00
12:48:27      11  100.00    0.00    0.00    0.00    0.00    0.00    0.00    0.00    0.00
12:48:27      12  100.00    0.00    0.00    0.00    0.00    0.00    0.00    0.00    0.00
12:48:27      13  100.00    0.00    0.00    0.00    0.00    0.00    0.00    0.00    0.00
12:48:27      14  100.00    0.00    0.00    0.00    0.00    0.00    0.00    0.00    0.00
12:48:27      15  100.00    0.00    0.00    0.00    0.00    0.00    0.00    0.00    0.00
12:48:27      16  100.00    0.00    0.00    0.00    0.00    0.00    0.00    0.00    0.00
12:48:27      17  100.00    0.00    0.00    0.00    0.00    0.00    0.00    0.00    0.00
12:48:27      18  100.00    0.00    0.00    0.00    0.00    0.00    0.00    0.00    0.00
12:48:27      19  100.00    0.00    0.00    0.00    0.00    0.00    0.00    0.00    0.00
12:48:27      20  100.00    0.00    0.00    0.00    0.00    0.00    0.00    0.00    0.00
12:48:27      21  100.00    0.00    0.00    0.00    0.00    0.00    0.00    0.00    0.00
12:48:27      22    0.00    0.00    0.00    0.00    0.00    0.00    0.00    0.00  100.00
12:48:27      23  100.00    0.00    0.00    0.00    0.00    0.00    0.00    0.00    0.00
12:48:27      24  100.00    0.00    0.00    0.00    0.00    0.00    0.00    0.00    0.00
12:48:27      25  100.00    0.00    0.00    0.00    0.00    0.00    0.00    0.00    0.00
12:48:27      26  100.00    0.00    0.00    0.00    0.00    0.00    0.00    0.00    0.00
12:48:27      27  100.00    0.00    0.00    0.00    0.00    0.00    0.00    0.00    0.00
12:48:27      28  100.00    0.00    0.00    0.00    0.00    0.00    0.00    0.00    0.00
12:48:27      29  100.00    0.00    0.00    0.00    0.00    0.00    0.00    0.00    0.00
12:48:27      30  100.00    0.00    0.00    0.00    0.00    0.00    0.00    0.00    0.00
12:48:27      31  100.00    0.00    0.00    0.00    0.00    0.00    0.00    0.00    0.00

12:48:27     CPU    %usr   %nice    %sys %iowait    %irq   %soft  %steal  %guest   %idle
12:48:28     all   71.67    0.00    0.00    0.00    0.00    0.00    0.00    0.00   28.33
12:48:28       0   70.00    0.00    0.00    0.00    0.00    0.00    0.00    0.00   30.00
12:48:28       1   69.00    0.00    0.00    0.00    0.00    0.00    0.00    0.00   31.00
12:48:28       2   68.32    0.00    0.00    0.00    0.00    0.00    0.00    0.00   31.68
12:48:28       3   68.69    0.00    0.00    0.00    0.00    0.00    0.00    0.00   31.31
12:48:28       4   55.00    0.00    0.00    0.00    0.00    0.00    0.00    0.00   45.00
12:48:28       5   71.00    0.00    0.00    0.00    0.00    0.00    0.00    0.00   29.00
12:48:28       6   21.00    0.00    0.00    0.00    0.00    0.00    0.00    0.00   79.00
12:48:28       7   69.31    0.00    0.00    0.00    0.00    0.00    0.00    0.00   30.69
12:48:28       8   97.98    0.00    0.00    0.00    0.00    0.00    0.00    0.00    2.02
12:48:28       9   69.70    0.00    0.00    0.00    0.00    0.00    0.00    0.00   30.30
12:48:28      10   68.32    0.00    0.00    0.00    0.00    0.00    0.00    0.00   31.68
12:48:28      11   68.69    0.00    0.00    0.00    0.00    0.00    0.00    0.00   31.31
12:48:28      12   90.10    0.00    0.00    0.00    0.00    0.00    0.00    0.00    9.90
12:48:28      13   71.00    0.00    0.00    0.00    0.00    0.00    0.00    0.00   29.00
12:48:28      14  100.00    0.00    0.00    0.00    0.00    0.00    0.00    0.00    0.00
12:48:28      15   95.00    0.00    0.00    0.00    0.00    0.00    0.00    0.00    5.00
12:48:28      16   70.30    0.00    0.00    0.00    0.00    0.00    0.00    0.00   29.70
12:48:28      17   67.00    0.00    0.00    0.00    0.00    0.00    0.00    0.00   33.00
12:48:28      18   71.00    0.00    0.00    0.00    0.00    0.00    0.00    0.00   29.00
12:48:28      19   66.00    0.00    0.00    0.00    0.00    0.00    0.00    0.00   34.00
12:48:28      20   69.00    0.00    0.00    0.00    0.00    0.00    0.00    0.00   31.00
12:48:28      21   71.43    0.00    0.00    0.00    0.00    0.00    0.00    0.00   28.57
12:48:28      22    0.00    0.00    0.00    0.00    0.00    0.00    0.00    0.00  100.00
12:48:28      23   70.00    0.00    0.00    0.00    0.00    0.00    0.00    0.00   30.00
12:48:28      24  100.00    0.00    0.00    0.00    0.00    0.00    0.00    0.00    0.00
12:48:28      25   71.00    0.00    0.00    0.00    0.00    0.00    0.00    0.00   29.00
12:48:28      26   96.00    0.00    0.00    0.00    0.00    0.00    0.00    0.00    4.00
12:48:28      27   69.31    0.00    0.00    0.00    0.00    0.00    0.00    0.00   30.69
12:48:28      28  100.00    0.00    0.00    0.00    0.00    0.00    0.00    0.00    0.00
12:48:28      29   69.31    0.00    0.00    0.00    0.00    0.00    0.00    0.00   30.69
12:48:28      30   81.00    0.00    0.00    0.00    0.00    0.00    0.00    0.00   19.00
12:48:28      31   69.31    0.00    0.00    0.00    0.00    0.00    0.00    0.00   30.69

12:48:28     CPU    %usr   %nice    %sys %iowait    %irq   %soft  %steal  %guest   %idle
12:48:29     all    1.16    0.00    0.16    0.00    0.00    0.00    0.00    0.00   98.69
12:48:29       0    0.00    0.00    1.03    0.00    0.00    0.00    0.00    0.00   98.97
12:48:29       1    0.00    0.00    0.00    0.00    0.00    0.00    0.00    0.00  100.00
12:48:29       2    1.00    0.00    0.00    0.00    0.00    0.00    0.00    0.00   99.00
12:48:29       3    1.00    0.00    0.00    0.00    0.00    0.00    0.00    0.00   99.00
12:48:29       4    0.00    0.00    0.00    0.00    0.00    0.00    0.00    0.00  100.00
12:48:29       5    1.00    0.00    0.00    0.00    0.00    0.00    0.00    0.00   99.00
12:48:29       6    0.99    0.00    0.00    0.00    0.00    0.00    0.00    0.00   99.01
12:48:29       7    0.00    0.00    0.00    0.00    0.00    0.00    0.00    0.00  100.00
12:48:29       8    0.99    0.00    0.00    0.00    0.00    0.00    0.00    0.00   99.01
12:48:29       9    1.00    0.00    0.00    0.00    0.00    0.00    0.00    0.00   99.00
12:48:29      10    1.00    0.00    0.00    0.00    0.00    0.00    0.00    0.00   99.00
12:48:29      11    0.99    0.00    0.99    0.00    0.00    0.00    0.00    0.00   98.02
12:48:29      12    0.00    0.00    0.00    0.00    0.00    0.00    0.00    0.00  100.00
12:48:29      13    1.00    0.00    0.00    0.00    0.00    0.00    0.00    0.00   99.00
12:48:29      14    7.07    0.00    0.00    0.00    0.00    0.00    0.00    0.00   92.93
12:48:29      15    0.00    0.00    0.00    0.00    0.00    0.00    0.00    0.00  100.00
12:48:29      16    1.00    0.00    0.00    0.00    0.00    0.00    0.00    0.00   99.00
12:48:29      17    0.00    0.00    0.00    0.00    0.00    0.00    0.00    0.00  100.00
12:48:29      18    1.00    0.00    0.00    0.00    0.00    0.00    0.00    0.00   99.00
12:48:29      19    0.00    0.00    0.00    0.00    0.00    0.00    0.00    0.00  100.00
12:48:29      20    0.99    0.00    0.00    0.00    0.00    0.00    0.00    0.00   99.01
12:48:29      21    1.00    0.00    2.00    0.00    0.00    0.00    0.00    0.00   97.00
12:48:29      22    0.00    0.00    0.00    0.00    0.00    0.00    0.00    0.00  100.00
12:48:29      23    1.00    0.00    0.00    0.00    0.00    0.00    0.00    0.00   99.00
12:48:29      24    1.00    0.00    0.00    0.00    0.00    0.00    0.00    0.00   99.00
12:48:29      25    0.00    0.00    0.00    0.00    0.00    0.00    0.00    0.00  100.00
12:48:29      26    1.00    0.00    0.00    0.00    0.00    0.00    0.00    0.00   99.00
12:48:29      27    0.00    0.00    0.00    0.00    0.00    0.00    0.00    0.00  100.00
12:48:29      28   10.10    0.00    0.00    0.00    0.00    0.00    0.00    0.00   89.90
12:48:29      29    0.00    0.00    0.00    0.00    0.00    0.00    0.00    0.00  100.00
12:48:29      30    0.00    0.00    0.00    0.00    0.00    0.00    0.00    0.00  100.00
12:48:29      31    1.00    0.00    0.00    0.00    0.00    0.00    0.00    0.00   99.00

12:48:29     CPU    %usr   %nice    %sys %iowait    %irq   %soft  %steal  %guest   %idle
12:48:30     all    0.03    0.00    0.06    0.00    0.00    0.00    0.00    0.00   99.91
12:48:30       0    0.00    0.00    1.01    0.00    0.00    0.00    0.00    0.00   98.99
12:48:30       1    0.00    0.00    0.00    0.00    0.00    0.00    0.00    0.00  100.00
12:48:30       2    0.00    0.00    0.00    0.00    0.00    0.00    0.00    0.00  100.00
12:48:30       3    0.00    0.00    0.00    0.00    0.00    0.00    0.00    0.00  100.00
12:48:30       4    0.00    0.00    0.00    0.00    0.00    0.00    0.00    0.00  100.00
12:48:30       5    0.00    0.00    0.00    0.00    0.00    0.00    0.00    0.00  100.00
12:48:30       6    0.00    0.00    0.00    0.00    0.00    0.00    0.00    0.00  100.00
12:48:30       7    0.00    0.00    0.00    0.00    0.00    0.00    0.00    0.00  100.00
12:48:30       8    0.00    0.00    0.00    0.00    0.00    0.00    0.00    0.00  100.00
12:48:30       9    0.00    0.00    0.00    0.00    0.00    0.00    0.00    0.00  100.00
12:48:30      10    0.00    0.00    0.00    0.00    0.00    0.00    0.00    0.00  100.00
12:48:30      11    0.00    0.00    0.00    0.00    0.00    0.00    0.00    0.00  100.00
12:48:30      12    0.00    0.00    0.00    0.00    0.00    0.00    0.00    0.00  100.00
12:48:30      13    0.00    0.00    0.00    0.00    0.00    0.00    0.00    0.00  100.00
12:48:30      14    0.00    0.00    0.00    0.00    0.00    0.00    0.00    0.00  100.00
12:48:30      15    0.00    0.00    0.00    0.00    0.00    0.00    0.00    0.00  100.00
12:48:30      16    0.00    0.00    0.00    0.00    0.00    0.00    0.00    0.00  100.00
12:48:30      17    0.00    0.00    0.00    0.00    0.00    0.00    0.00    0.00  100.00
12:48:30      18    0.00    0.00    0.00    0.00    0.00    0.00    0.00    0.00  100.00
12:48:30      19    0.99    0.00    0.00    0.00    0.00    0.00    0.00    0.00   99.01
12:48:30      20    0.00    0.00    0.00    0.00    0.00    0.00    0.00    0.00  100.00
12:48:30      21    0.00    0.00    1.02    0.00    0.00    0.00    0.00    0.00   98.98
12:48:30      22    0.00    0.00    0.00    0.00    0.00    0.00    0.00    0.00  100.00
12:48:30      23    0.00    0.00    0.00    0.00    0.00    0.00    0.00    0.00  100.00
12:48:30      24    0.00    0.00    0.00    0.00    0.00    0.00    0.00    0.00  100.00
12:48:30      25    0.00    0.00    0.99    0.00    0.00    0.00    0.00    0.00   99.01
12:48:30      26    0.00    0.00    0.00    0.00    0.00    0.00    0.00    0.00  100.00
12:48:30      27    0.00    0.00    0.00    0.00    0.00    0.00    0.00    0.00  100.00
12:48:30      28    0.00    0.00    0.00    0.00    0.00    0.00    0.00    0.00  100.00
12:48:30      29    0.00    0.00    0.00    0.00    0.00    0.00    0.00    0.00  100.00
12:48:30      30    0.00    0.00    0.00    0.00    0.00    0.00    0.00    0.00  100.00
12:48:30      31    0.00    0.00    0.00    0.00    0.00    0.00    0.00    0.00  100.00

12:48:30     CPU    %usr   %nice    %sys %iowait    %irq   %soft  %steal  %guest   %idle
12:48:31     all    0.00    0.00    0.09    0.66    0.00    0.00    0.00    0.00   99.25
12:48:31       0    0.00    0.00    1.02    0.00    0.00    0.00    0.00    0.00   98.98
12:48:31       1    0.00    0.00    0.00    0.00    0.00    0.00    0.00    0.00  100.00
12:48:31       2    0.00    0.00    0.00    0.00    0.00    0.00    0.00    0.00  100.00
12:48:31       3    0.00    0.00    0.00    0.00    0.00    0.00    0.00    0.00  100.00
12:48:31       4    0.00    0.00    0.00    0.00    0.00    0.00    0.00    0.00  100.00
12:48:31       5    0.00    0.00    0.00    0.00    0.00    0.00    0.00    0.00  100.00
12:48:31       6    0.00    0.00    0.00    0.00    0.00    0.00    0.00    0.00  100.00
12:48:31       7    0.00    0.00    0.00    0.00    0.00    0.00    0.00    0.00  100.00
12:48:31       8    0.00    0.00    0.00    0.00    0.00    0.00    0.00    0.00  100.00
12:48:31       9    0.00    0.00    0.00    0.00    0.00    0.00    0.00    0.00  100.00
12:48:31      10    0.00    0.00    0.00    0.00    0.00    0.00    0.00    0.00  100.00
12:48:31      11    0.00    0.00    0.00    0.00    0.00    0.00    0.00    0.00  100.00
12:48:31      12    0.00    0.00    0.00   20.20    0.00    0.00    0.00    0.00   79.80
12:48:31      13    0.00    0.00    0.00    0.00    0.00    0.00    0.00    0.00  100.00
12:48:31      14    0.00    0.00    0.00    0.00    0.00    0.00    0.00    0.00  100.00
12:48:31      15    0.00    0.00    0.00    0.00    0.00    0.00    0.00    0.00  100.00
12:48:31      16    0.00    0.00    0.00    0.00    0.00    0.00    0.00    0.00  100.00
12:48:31      17    0.00    0.00    0.00    0.00    0.00    0.00    0.00    0.00  100.00
12:48:31      18    0.00    0.00    0.00    0.00    0.00    0.00    0.00    0.00  100.00
12:48:31      19    0.00    0.00    0.00    0.00    0.00    0.00    0.00    0.00  100.00
12:48:31      20    0.00    0.00    0.00    0.00    0.00    0.00    0.00    0.00  100.00
12:48:31      21    1.01    0.00    1.01    0.00    0.00    0.00    0.00    0.00   97.98
12:48:31      22    0.00    0.00    0.00    0.00    0.00    0.00    0.00    0.00  100.00
12:48:31      23    0.00    0.00    0.00    0.00    0.00    0.00    0.00    0.00  100.00
12:48:31      24    0.00    0.00    0.00    0.00    0.00    0.00    0.00    0.00  100.00
12:48:31      25    0.00    0.00    0.00    0.00    0.00    0.00    0.00    0.00  100.00
12:48:31      26    0.00    0.00    0.00    0.00    0.00    0.00    0.00    0.00  100.00
12:48:31      27    0.00    0.00    0.00    0.00    0.00    0.00    0.00    0.00  100.00
12:48:31      28    0.00    0.00    0.00    0.00    0.00    0.00    0.00    0.00  100.00
12:48:31      29    0.00    0.00    0.00    0.00    0.00    0.00    0.00    0.00  100.00
12:48:31      30    0.00    0.00    0.00    0.00    0.00    0.00    0.00    0.00  100.00
12:48:31      31    0.00    0.00    0.00    0.00    0.00    0.00    0.00    0.00  100.00

12:48:31     CPU    %usr   %nice    %sys %iowait    %irq   %soft  %steal  %guest   %idle
12:48:32     all    0.00    0.00    0.06    0.00    0.00    0.00    0.00    0.00   99.94
12:48:32       0    0.00    0.00    1.02    0.00    0.00    0.00    0.00    0.00   98.98
12:48:32       1    0.00    0.00    0.00    0.00    0.00    0.00    0.00    0.00  100.00
12:48:32       2    0.00    0.00    0.00    0.00    0.00    0.00    0.00    0.00  100.00
12:48:32       3    0.00    0.00    0.00    0.00    0.00    0.00    0.00    0.00  100.00
12:48:32       4    0.00    0.00    0.00    0.00    0.00    0.00    0.00    0.00  100.00
12:48:32       5    0.00    0.00    0.00    0.00    0.00    0.00    0.00    0.00  100.00
12:48:32       6    0.00    0.00    0.00    0.00    0.00    0.00    0.00    0.00  100.00
12:48:32       7    0.00    0.00    0.00    0.00    0.00    0.00    0.00    0.00  100.00
12:48:32       8    0.00    0.00    0.00    0.00    0.00    0.00    0.00    0.00  100.00
12:48:32       9    0.00    0.00    0.00    0.00    0.00    0.00    0.00    0.00  100.00
12:48:32      10    0.00    0.00    0.00    0.00    0.00    0.00    0.00    0.00  100.00
12:48:32      11    0.00    0.00    0.00    0.00    0.00    0.00    0.00    0.00  100.00
12:48:32      12    0.00    0.00    0.00    0.00    0.00    0.00    0.00    0.00  100.00
12:48:32      13    0.00    0.00    0.00    0.00    0.00    0.00    0.00    0.00  100.00
12:48:32      14    0.00    0.00    0.00    0.00    0.00    0.00    0.00    0.00  100.00
12:48:32      15    0.00    0.00    0.00    0.00    0.00    0.00    0.00    0.00  100.00
12:48:32      16    0.00    0.00    0.00    0.00    0.00    0.00    0.00    0.00  100.00
12:48:32      17    0.00    0.00    0.00    0.00    0.00    0.00    0.00    0.00  100.00
12:48:32      18    0.00    0.00    0.00    0.00    0.00    0.00    0.00    0.00  100.00
12:48:32      19    0.00    0.00    0.00    0.00    0.00    0.00    0.00    0.00  100.00
12:48:32      20    0.00    0.00    0.00    0.00    0.00    0.00    0.00    0.00  100.00
12:48:32      21    0.00    0.00    1.02    0.00    0.00    0.00    0.00    0.00   98.98
12:48:32      22    0.00    0.00    0.00    0.00    0.00    0.00    0.00    0.00  100.00
12:48:32      23    0.00    0.00    0.00    0.00    0.00    0.00    0.00    0.00  100.00
12:48:32      24    0.00    0.00    0.00    0.00    0.00    0.00    0.00    0.00  100.00
12:48:32      25    0.99    0.00    0.00    0.00    0.00    0.00    0.00    0.00   99.01
12:48:32      26    0.00    0.00    0.00    0.00    0.00    0.00    0.00    0.00  100.00
12:48:32      27    0.00    0.00    0.00    0.00    0.00    0.00    0.00    0.00  100.00
12:48:32      28    0.99    0.00    0.00    0.00    0.00    0.00    0.00    0.00   99.01
12:48:32      29    0.00    0.00    0.00    0.00    0.00    0.00    0.00    0.00  100.00
12:48:32      30    0.00    0.00    0.00    0.00    0.00    0.00    0.00    0.00  100.00
12:48:32      31    0.00    0.00    0.00    0.00    0.00    0.00    0.00    0.00  100.00

12:48:32     CPU    %usr   %nice    %sys %iowait    %irq   %soft  %steal  %guest   %idle
12:48:33     all    0.00    0.00    0.06    0.00    0.00    0.00    0.00    0.00   99.94
12:48:33       0    0.00    0.00    1.02    0.00    0.00    0.00    0.00    0.00   98.98
12:48:33       1    0.00    0.00    0.00    0.00    0.00    0.00    0.00    0.00  100.00
12:48:33       2    0.00    0.00    0.00    0.00    0.00    0.00    0.00    0.00  100.00
12:48:33       3    0.00    0.00    0.00    0.00    0.00    0.00    0.00    0.00  100.00
12:48:33       4    0.00    0.00    0.00    0.00    0.00    0.00    0.00    0.00  100.00
12:48:33       5    0.00    0.00    0.00    0.00    0.00    0.00    0.00    0.00  100.00
12:48:33       6    0.00    0.00    0.00    0.00    0.00    0.00    0.00    0.00  100.00
12:48:33       7    0.00    0.00    0.00    0.00    0.00    0.00    0.00    0.00  100.00
12:48:33       8    0.00    0.00    0.00    0.00    0.00    0.00    0.00    0.00  100.00
12:48:33       9    0.00    0.00    0.99    0.00    0.00    0.00    0.00    0.00   99.01
12:48:33      10    0.00    0.00    0.00    0.00    0.00    0.00    0.00    0.00  100.00
12:48:33      11    0.00    0.00    0.00    0.00    0.00    0.00    0.00    0.00  100.00
12:48:33      12    0.00    0.00    0.00    0.00    0.00    0.00    0.00    0.00  100.00
12:48:33      13    0.00    0.00    0.00    0.00    0.00    0.00    0.00    0.00  100.00
12:48:33      14    0.00    0.00    0.00    0.00    0.00    0.00    0.00    0.00  100.00
12:48:33      15    0.00    0.00    0.00    0.00    0.00    0.00    0.00    0.00  100.00
12:48:33      16    0.00    0.00    0.00    0.00    0.00    0.00    0.00    0.00  100.00
12:48:33      17    0.00    0.00    0.00    0.00    0.00    0.00    0.00    0.00  100.00
12:48:33      18    0.00    0.00    0.00    0.00    0.00    0.00    0.00    0.00  100.00
12:48:33      19    0.00    0.00    0.00    0.00    0.00    0.00    0.00    0.00  100.00
12:48:33      20    0.00    0.00    0.00    0.00    0.00    0.00    0.00    0.00  100.00
12:48:33      21    0.00    0.00    1.01    0.00    0.00    0.00    0.00    0.00   98.99
12:48:33      22    0.00    0.00    0.00    0.00    0.00    0.00    0.00    0.00  100.00
12:48:33      23    0.00    0.00    0.00    0.00    0.00    0.00    0.00    0.00  100.00
12:48:33      24    0.00    0.00    0.00    0.00    0.00    0.00    0.00    0.00  100.00
12:48:33      25    0.00    0.00    0.00    0.00    0.00    0.00    0.00    0.00  100.00
12:48:33      26    0.00    0.00    0.00    0.00    0.00    0.00    0.00    0.00  100.00
12:48:33      27    0.00    0.00    0.00    0.00    0.00    0.00    0.00    0.00  100.00
12:48:33      28    0.00    0.00    0.00    0.00    0.00    0.00    0.00    0.00  100.00
12:48:33      29    0.00    0.00    0.00    0.00    0.00    0.00    0.00    0.00  100.00
12:48:33      30    0.00    0.00    0.00    0.00    0.00    0.00    0.00    0.00  100.00
12:48:33      31    0.00    0.00    0.00    0.00    0.00    0.00    0.00    0.00  100.00

12:48:33     CPU    %usr   %nice    %sys %iowait    %irq   %soft  %steal  %guest   %idle
12:48:34     all    0.03    0.00    0.13    0.00    0.00    0.00    0.00    0.00   99.84
12:48:34       0    0.00    0.00    1.02    0.00    0.00    0.00    0.00    0.00   98.98
12:48:34       1    0.00    0.00    0.00    0.00    0.00    0.00    0.00    0.00  100.00
12:48:34       2    0.00    0.00    0.00    0.00    0.00    0.00    0.00    0.00  100.00
12:48:34       3    0.00    0.00    0.00    0.00    0.00    0.00    0.00    0.00  100.00
12:48:34       4    0.00    0.00    0.00    0.00    0.00    0.00    0.00    0.00  100.00
12:48:34       5    0.00    0.00    0.00    0.00    0.00    0.00    0.00    0.00  100.00
12:48:34       6    0.00    0.00    0.00    0.00    0.00    0.00    0.00    0.00  100.00
12:48:34       7    0.00    0.00    0.00    0.00    0.00    0.00    0.00    0.00  100.00
12:48:34       8    0.00    0.00    0.00    0.00    0.00    0.00    0.00    0.00  100.00
12:48:34       9    0.00    0.00    0.00    0.00    0.00    0.00    0.00    0.00  100.00
12:48:34      10    0.00    0.00    0.00    0.00    0.00    0.00    0.00    0.00  100.00
12:48:34      11    0.00    0.00    0.00    0.00    0.00    0.00    0.00    0.00  100.00
12:48:34      12    0.00    0.00    0.00    0.00    0.00    0.00    0.00    0.00  100.00
12:48:34      13    0.00    0.00    0.00    0.00    0.00    0.00    0.00    0.00  100.00
12:48:34      14    0.00    0.00    0.00    0.00    0.00    0.00    0.00    0.00  100.00
12:48:34      15    0.00    0.00    0.00    0.00    0.00    0.00    0.00    0.00  100.00
12:48:34      16    0.00    0.00    0.00    0.00    0.00    0.00    0.00    0.00  100.00
12:48:34      17    0.00    0.00    0.00    0.00    0.00    0.00    0.00    0.00  100.00
12:48:34      18    0.00    0.00    0.00    0.00    0.00    0.00    0.00    0.00  100.00
12:48:34      19    0.00    0.00    0.00    0.00    0.00    0.00    0.00    0.00  100.00
12:48:34      20    0.00    0.00    0.00    0.00    0.00    0.00    0.00    0.00  100.00
12:48:34      21    0.00    0.00    2.02    0.00    0.00    0.00    0.00    0.00   97.98
12:48:34      22    0.00    0.00    0.00    0.00    0.00    0.00    0.00    0.00  100.00
12:48:34      23    0.00    0.00    0.00    0.00    0.00    0.00    0.00    0.00  100.00
12:48:34      24    0.00    0.00    0.00    0.00    0.00    0.00    0.00    0.00  100.00
12:48:34      25    0.00    0.00    0.00    0.00    0.00    0.00    0.00    0.00  100.00
12:48:34      26    0.00    0.00    0.00    0.00    0.00    0.00    0.00    0.00  100.00
12:48:34      27    0.00    0.00    0.00    0.00    0.00    0.00    0.00    0.00  100.00
12:48:34      28    0.00    0.00    0.00    0.00    0.00    0.00    0.00    0.00  100.00
12:48:34      29    0.00    0.00    0.00    0.00    0.00    0.00    0.00    0.00  100.00
12:48:34      30    0.00    0.00    0.00    0.00    0.00    0.00    0.00    0.00  100.00
12:48:34      31    0.00    0.00    0.00    0.00    0.00    0.00    0.00    0.00  100.00

12:48:34     CPU    %usr   %nice    %sys %iowait    %irq   %soft  %steal  %guest   %idle
12:48:35     all    0.00    0.00    0.09    0.00    0.00    0.00    0.00    0.00   99.91
12:48:35       0    0.00    0.00    1.01    0.00    0.00    0.00    0.00    0.00   98.99
12:48:35       1    0.00    0.00    0.00    0.00    0.00    0.00    0.00    0.00  100.00
12:48:35       2    0.00    0.00    0.00    0.00    0.00    0.00    0.00    0.00  100.00
12:48:35       3    0.00    0.00    0.00    0.00    0.00    0.00    0.00    0.00  100.00
12:48:35       4    0.00    0.00    0.00    0.00    0.00    0.00    0.00    0.00  100.00
12:48:35       5    0.00    0.00    0.00    0.00    0.00    0.00    0.00    0.00  100.00
12:48:35       6    0.00    0.00    0.00    0.00    0.00    0.00    0.00    0.00  100.00
12:48:35       7    0.00    0.00    0.00    0.00    0.00    0.00    0.00    0.00  100.00
12:48:35       8    0.00    0.00    0.00    0.00    0.00    0.00    0.00    0.00  100.00
12:48:35       9    0.00    0.00    0.00    0.00    0.00    0.00    0.00    0.00  100.00
12:48:35      10    0.00    0.00    0.00    0.00    0.00    0.00    0.00    0.00  100.00
12:48:35      11    0.00    0.00    0.00    0.00    0.00    0.00    0.00    0.00  100.00
12:48:35      12    0.00    0.00    0.00    0.00    0.00    0.00    0.00    0.00  100.00
12:48:35      13    0.00    0.00    0.00    0.00    0.00    0.00    0.00    0.00  100.00
12:48:35      14    0.00    0.00    0.00    0.00    0.00    0.00    0.00    0.00  100.00
12:48:35      15    0.00    0.00    0.00    0.00    0.00    0.00    0.00    0.00  100.00
12:48:35      16    0.00    0.00    0.00    0.00    0.00    0.00    0.00    0.00  100.00
12:48:35      17    0.00    0.00    0.00    0.00    0.00    0.00    0.00    0.00  100.00
12:48:35      18    0.00    0.00    0.00    0.00    0.00    0.00    0.00    0.00  100.00
12:48:35      19    0.00    0.00    0.00    0.00    0.00    0.00    0.00    0.00  100.00
12:48:35      20    0.00    0.00    0.00    0.00    0.00    0.00    0.00    0.00  100.00
12:48:35      21    0.00    0.00    2.02    0.00    0.00    0.00    0.00    0.00   97.98
12:48:35      22    0.00    0.00    0.00    0.00    0.00    0.00    0.00    0.00  100.00
12:48:35      23    0.00    0.00    0.00    0.00    0.00    0.00    0.00    0.00  100.00
12:48:35      24    0.00    0.00    0.00    0.00    0.00    0.00    0.00    0.00  100.00
12:48:35      25    0.00    0.00    0.00    0.00    0.00    0.00    0.00    0.00  100.00
12:48:35      26    0.00    0.00    0.00    0.00    0.00    0.00    0.00    0.00  100.00
12:48:35      27    0.00    0.00    0.00    0.00    0.00    0.00    0.00    0.00  100.00
12:48:35      28    0.00    0.00    0.00    0.00    0.00    0.00    0.00    0.00  100.00
12:48:35      29    0.00    0.00    0.00    0.00    0.00    0.00    0.00    0.00  100.00
12:48:35      30    0.00    0.00    0.00    0.00    0.00    0.00    0.00    0.00  100.00
12:48:35      31    0.00    0.00    0.00    0.00    0.00    0.00    0.00    0.00  100.00

12:48:35     CPU    %usr   %nice    %sys %iowait    %irq   %soft  %steal  %guest   %idle
12:48:36     all    0.00    0.00    0.06    0.00    0.00    0.00    0.00    0.00   99.94
12:48:36       0    0.00    0.00    1.02    0.00    0.00    0.00    0.00    0.00   98.98
12:48:36       1    0.00    0.00    0.00    0.00    0.00    0.00    0.00    0.00  100.00
12:48:36       2    0.00    0.00    0.00    0.00    0.00    0.00    0.00    0.00  100.00
12:48:36       3    0.00    0.00    0.00    0.00    0.00    0.00    0.00    0.00  100.00
12:48:36       4    0.00    0.00    0.00    0.00    0.00    0.00    0.00    0.00  100.00
12:48:36       5    0.00    0.00    0.00    0.00    0.00    0.00    0.00    0.00  100.00
12:48:36       6    0.00    0.00    0.00    0.00    0.00    0.00    0.00    0.00  100.00
12:48:36       7    0.00    0.00    0.00    0.00    0.00    0.00    0.00    0.00  100.00
12:48:36       8    0.00    0.00    0.00    0.00    0.00    0.00    0.00    0.00  100.00
12:48:36       9    0.00    0.00    0.00    0.00    0.00    0.00    0.00    0.00  100.00
12:48:36      10    0.00    0.00    0.00    0.00    0.00    0.00    0.00    0.00  100.00
12:48:36      11    0.00    0.00    0.00    0.00    0.00    0.00    0.00    0.00  100.00
12:48:36      12    0.00    0.00    0.00    0.00    0.00    0.00    0.00    0.00  100.00
12:48:36      13    0.00    0.00    0.00    0.00    0.00    0.00    0.00    0.00  100.00
12:48:36      14    0.00    0.00    0.00    0.00    0.00    0.00    0.00    0.00  100.00
12:48:36      15    0.00    0.00    0.00    0.00    0.00    0.00    0.00    0.00  100.00
12:48:36      16    0.00    0.00    0.00    0.00    0.00    0.00    0.00    0.00  100.00
12:48:36      17    0.00    0.00    0.00    0.00    0.00    0.00    0.00    0.00  100.00
12:48:36      18    0.00    0.00    0.00    0.00    0.00    0.00    0.00    0.00  100.00
12:48:36      19    0.00    0.00    0.00    0.00    0.00    0.00    0.00    0.00  100.00
12:48:36      20    0.00    0.00    0.00    0.00    0.00    0.00    0.00    0.00  100.00
12:48:36      21    0.00    0.00    1.02    0.00    0.00    0.00    0.00    0.00   98.98
12:48:36      22    0.00    0.00    0.00    0.00    0.00    0.00    0.00    0.00  100.00
12:48:36      23    0.00    0.00    0.00    0.00    0.00    0.00    0.00    0.00  100.00
12:48:36      24    0.00    0.00    0.00    0.00    0.00    0.00    0.00    0.00  100.00
12:48:36      25    0.00    0.00    0.00    0.00    0.00    0.00    0.00    0.00  100.00
12:48:36      26    0.00    0.00    0.00    0.00    0.00    0.00    0.00    0.00  100.00
12:48:36      27    0.00    0.00    0.00    0.00    0.00    0.00    0.00    0.00  100.00
12:48:36      28    0.00    0.00    0.00    0.00    0.00    0.00    0.00    0.00  100.00
12:48:36      29    0.00    0.00    0.00    0.00    0.00    0.00    0.00    0.00  100.00
12:48:36      30    0.00    0.00    0.00    0.00    0.00    0.00    0.00    0.00  100.00
12:48:36      31    0.00    0.00    0.00    0.00    0.00    0.00    0.00    0.00  100.00

12:48:36     CPU    %usr   %nice    %sys %iowait    %irq   %soft  %steal  %guest   %idle
12:48:37     all    0.03    0.00    0.06    0.00    0.00    0.00    0.00    0.00   99.91
12:48:37       0    0.00    0.00    1.02    0.00    0.00    0.00    0.00    0.00   98.98
12:48:37       1    0.00    0.00    0.00    0.00    0.00    0.00    0.00    0.00  100.00
12:48:37       2    0.00    0.00    0.00    0.00    0.00    0.00    0.00    0.00  100.00
12:48:37       3    0.00    0.00    0.00    0.00    0.00    0.00    0.00    0.00  100.00
12:48:37       4    0.00    0.00    0.00    0.00    0.00    0.00    0.00    0.00  100.00
12:48:37       5    0.00    0.00    0.00    0.00    0.00    0.00    0.00    0.00  100.00
12:48:37       6    0.00    0.00    0.99    0.00    0.00    0.00    0.00    0.00   99.01
12:48:37       7    0.00    0.00    0.00    0.00    0.00    0.00    0.00    0.00  100.00
12:48:37       8    0.00    0.00    0.00    0.00    0.00    0.00    0.00    0.00  100.00
12:48:37       9    0.00    0.00    0.00    0.00    0.00    0.00    0.00    0.00  100.00
12:48:37      10    0.00    0.00    0.00    0.00    0.00    0.00    0.00    0.00  100.00
12:48:37      11    0.00    0.00    0.00    0.00    0.00    0.00    0.00    0.00  100.00
12:48:37      12    0.00    0.00    0.00    0.00    0.00    0.00    0.00    0.00  100.00
12:48:37      13    0.00    0.00    0.00    0.00    0.00    0.00    0.00    0.00  100.00
12:48:37      14    0.00    0.00    0.00    0.00    0.00    0.00    0.00    0.00  100.00
12:48:37      15    0.00    0.00    0.00    0.00    0.00    0.00    0.00    0.00  100.00
12:48:37      16    0.00    0.00    0.00    0.00    0.00    0.00    0.00    0.00  100.00
12:48:37      17    0.00    0.00    0.00    0.00    0.00    0.00    0.00    0.00  100.00
12:48:37      18    0.00    0.00    0.00    0.00    0.00    0.00    0.00    0.00  100.00
12:48:37      19    0.00    0.00    0.00    0.00    0.00    0.00    0.00    0.00  100.00
12:48:37      20    0.00    0.00    0.00    0.00    0.00    0.00    0.00    0.00  100.00
12:48:37      21    0.00    0.00    1.02    0.00    0.00    0.00    0.00    0.00   98.98
12:48:37      22    0.00    0.00    0.00    0.00    0.00    0.00    0.00    0.00  100.00
12:48:37      23    0.00    0.00    0.00    0.00    0.00    0.00    0.00    0.00  100.00
12:48:37      24    0.00    0.00    0.00    0.00    0.00    0.00    0.00    0.00  100.00
12:48:37      25    0.00    0.00    0.00    0.00    0.00    0.00    0.00    0.00  100.00
12:48:37      26    0.00    0.00    0.00    0.00    0.00    0.00    0.00    0.00  100.00
12:48:37      27    0.00    0.00    0.00    0.00    0.00    0.00    0.00    0.00  100.00
12:48:37      28    0.00    0.00    0.00    0.00    0.00    0.00    0.00    0.00  100.00
12:48:37      29    0.00    0.00    0.00    0.00    0.00    0.00    0.00    0.00  100.00
12:48:37      30    0.00    0.00    0.00    0.00    0.00    0.00    0.00    0.00  100.00
12:48:37      31    0.00    0.00    0.00    0.00    0.00    0.00    0.00    0.00  100.00

12:48:37     CPU    %usr   %nice    %sys %iowait    %irq   %soft  %steal  %guest   %idle
12:48:38     all    0.00    0.00    0.13    0.00    0.00    0.00    0.00    0.00   99.87
12:48:38       0    0.00    0.00    1.02    0.00    0.00    0.00    0.00    0.00   98.98
12:48:38       1    0.00    0.00    0.00    0.00    0.00    0.00    0.00    0.00  100.00
12:48:38       2    0.00    0.00    0.00    0.00    0.00    0.00    0.00    0.00  100.00
12:48:38       3    0.00    0.00    0.00    0.00    0.00    0.00    0.00    0.00  100.00
12:48:38       4    0.00    0.00    0.00    0.00    0.00    0.00    0.00    0.00  100.00
12:48:38       5    0.00    0.00    0.00    0.00    0.00    0.00    0.00    0.00  100.00
12:48:38       6    0.00    0.00    0.00    0.00    0.00    0.00    0.00    0.00  100.00
12:48:38       7    0.00    0.00    0.00    0.00    0.00    0.00    0.00    0.00  100.00
12:48:38       8    0.00    0.00    0.00    0.00    0.00    0.00    0.00    0.00  100.00
12:48:38       9    0.00    0.00    0.00    0.00    0.00    0.00    0.00    0.00  100.00
12:48:38      10    0.00    0.00    0.00    0.00    0.00    0.00    0.00    0.00  100.00
12:48:38      11    0.00    0.00    0.00    0.00    0.00    0.00    0.00    0.00  100.00
12:48:38      12    0.00    0.00    0.00    0.00    0.00    0.00    0.00    0.00  100.00
12:48:38      13    0.00    0.00    0.00    0.00    0.00    0.00    0.00    0.00  100.00
12:48:38      14    0.00    0.00    0.00    0.00    0.00    0.00    0.00    0.00  100.00
12:48:38      15    0.00    0.00    0.00    0.00    0.00    0.00    0.00    0.00  100.00
12:48:38      16    0.00    0.00    0.00    0.00    0.00    0.00    0.00    0.00  100.00
12:48:38      17    0.00    0.00    0.00    0.00    0.00    0.00    0.00    0.00  100.00
12:48:38      18    0.00    0.00    0.00    0.00    0.00    0.00    0.00    0.00  100.00
12:48:38      19    0.00    0.00    0.00    0.00    0.00    0.00    0.00    0.00  100.00
12:48:38      20    0.00    0.00    0.00    0.00    0.00    0.00    0.00    0.00  100.00
12:48:38      21    0.99    0.00    1.98    0.00    0.00    0.00    0.00    0.00   97.03
12:48:38      22    0.00    0.00    0.00    0.00    0.00    0.00    0.00    0.00  100.00
12:48:38      23    0.00    0.00    0.00    0.00    0.00    0.00    0.00    0.00  100.00
12:48:38      24    0.00    0.00    0.00    0.00    0.00    0.00    0.00    0.00  100.00
12:48:38      25    0.00    0.00    0.00    0.00    0.00    0.00    0.00    0.00  100.00
12:48:38      26    0.00    0.00    0.00    0.00    0.00    0.00    0.00    0.00  100.00
12:48:38      27    0.00    0.00    0.00    0.00    0.00    0.00    0.00    0.00  100.00
12:48:38      28    0.00    0.00    0.00    0.00    0.00    0.00    0.00    0.00  100.00
12:48:38      29    0.00    0.00    0.00    0.00    0.00    0.00    0.00    0.00  100.00
12:48:38      30    0.00    0.00    0.00    0.00    0.00    0.00    0.00    0.00  100.00
12:48:38      31    0.00    0.00    0.00    0.00    0.00    0.00    0.00    0.00  100.00

12:48:38     CPU    %usr   %nice    %sys %iowait    %irq   %soft  %steal  %guest   %idle
12:48:39     all    0.00    0.00    0.06    0.00    0.00    0.00    0.00    0.00   99.94
12:48:39       0    0.00    0.00    1.02    0.00    0.00    0.00    0.00    0.00   98.98
12:48:39       1    0.00    0.00    0.00    0.00    0.00    0.00    0.00    0.00  100.00
12:48:39       2    0.00    0.00    0.00    0.00    0.00    0.00    0.00    0.00  100.00
12:48:39       3    0.00    0.00    0.00    0.00    0.00    0.00    0.00    0.00  100.00
12:48:39       4    0.00    0.00    0.00    0.00    0.00    0.00    0.00    0.00  100.00
12:48:39       5    0.00    0.00    0.00    0.00    0.00    0.00    0.00    0.00  100.00
12:48:39       6    0.00    0.00    0.00    0.00    0.00    0.00    0.00    0.00  100.00
12:48:39       7    0.00    0.00    0.00    0.00    0.00    0.00    0.00    0.00  100.00
12:48:39       8    0.00    0.00    0.00    0.00    0.00    0.00    0.00    0.00  100.00
12:48:39       9    0.00    0.00    0.00    0.00    0.00    0.00    0.00    0.00  100.00
12:48:39      10    0.00    0.00    0.00    0.00    0.00    0.00    0.00    0.00  100.00
12:48:39      11    0.00    0.00    0.00    0.00    0.00    0.00    0.00    0.00  100.00
12:48:39      12    0.00    0.00    0.00    0.00    0.00    0.00    0.00    0.00  100.00
12:48:39      13    0.00    0.00    0.00    0.00    0.00    0.00    0.00    0.00  100.00
12:48:39      14    0.00    0.00    0.00    0.00    0.00    0.00    0.00    0.00  100.00
12:48:39      15    0.00    0.00    0.00    0.00    0.00    0.00    0.00    0.00  100.00
12:48:39      16    0.00    0.00    0.00    0.00    0.00    0.00    0.00    0.00  100.00
12:48:39      17    0.00    0.00    0.00    0.00    0.00    0.00    0.00    0.00  100.00
12:48:39      18    0.00    0.00    0.00    0.00    0.00    0.00    0.00    0.00  100.00
12:48:39      19    0.00    0.00    0.00    0.00    0.00    0.00    0.00    0.00  100.00
12:48:39      20    0.00    0.00    0.00    0.00    0.00    0.00    0.00    0.00  100.00
12:48:39      21    0.00    0.00    1.02    0.00    0.00    0.00    0.00    0.00   98.98
12:48:39      22    0.00    0.00    0.00    0.00    0.00    0.00    0.00    0.00  100.00
12:48:39      23    0.00    0.00    0.00    0.00    0.00    0.00    0.00    0.00  100.00
12:48:39      24    0.00    0.00    0.00    0.00    0.00    0.00    0.00    0.00  100.00
12:48:39      25    0.00    0.00    0.00    0.00    0.00    0.00    0.00    0.00  100.00
12:48:39      26    0.00    0.00    0.00    0.00    0.00    0.00    0.00    0.00  100.00
12:48:39      27    0.00    0.00    0.00    0.00    0.00    0.00    0.00    0.00  100.00
12:48:39      28    0.00    0.00    0.00    0.00    0.00    0.00    0.00    0.00  100.00
12:48:39      29    0.00    0.00    0.00    0.00    0.00    0.00    0.00    0.00  100.00
12:48:39      30    0.00    0.00    0.00    0.00    0.00    0.00    0.00    0.00  100.00
12:48:39      31    0.00    0.00    0.00    0.00    0.00    0.00    0.00    0.00  100.00

12:48:39     CPU    %usr   %nice    %sys %iowait    %irq   %soft  %steal  %guest   %idle
12:48:40     all    0.03    0.00    0.09    0.00    0.00    0.00    0.00    0.00   99.87
12:48:40       0    0.00    0.00    1.01    0.00    0.00    0.00    0.00    0.00   98.99
12:48:40       1    0.00    0.00    0.00    0.00    0.00    0.00    0.00    0.00  100.00
12:48:40       2    0.00    0.00    0.00    0.00    0.00    0.00    0.00    0.00  100.00
12:48:40       3    0.00    0.00    0.00    0.00    0.00    0.00    0.00    0.00  100.00
12:48:40       4    0.00    0.00    0.00    0.00    0.00    0.00    0.00    0.00  100.00
12:48:40       5    0.00    0.00    0.00    0.00    0.00    0.00    0.00    0.00  100.00
12:48:40       6    0.00    0.00    0.00    0.00    0.00    0.00    0.00    0.00  100.00
12:48:40       7    0.00    0.00    0.00    0.00    0.00    0.00    0.00    0.00  100.00
12:48:40       8    0.00    0.00    0.00    0.00    0.00    0.00    0.00    0.00  100.00
12:48:40       9    0.00    0.00    0.00    0.00    0.00    0.00    0.00    0.00  100.00
12:48:40      10    0.00    0.00    0.00    0.00    0.00    0.00    0.00    0.00  100.00
12:48:40      11    0.00    0.00    0.00    0.00    0.00    0.00    0.00    0.00  100.00
12:48:40      12    0.00    0.00    0.00    0.00    0.00    0.00    0.00    0.00  100.00
12:48:40      13    0.00    0.00    0.00    0.00    0.00    0.00    0.00    0.00  100.00
12:48:40      14    0.00    0.00    0.00    0.00    0.00    0.00    0.00    0.00  100.00
12:48:40      15    0.00    0.00    0.00    0.00    0.00    0.00    0.00    0.00  100.00
12:48:40      16    0.00    0.00    0.00    0.00    0.00    0.00    0.00    0.00  100.00
12:48:40      17    0.00    0.00    0.00    0.00    0.00    0.00    0.00    0.00  100.00
12:48:40      18    0.00    0.00    0.00    0.00    0.00    0.00    0.00    0.00  100.00
12:48:40      19    0.00    0.00    0.00    0.00    0.00    0.00    0.00    0.00  100.00
12:48:40      20    0.00    0.00    0.00    0.00    0.00    0.00    0.00    0.00  100.00
12:48:40      21    0.00    0.00    1.02    0.00    0.00    0.00    0.00    0.00   98.98
12:48:40      22    0.00    0.00    0.00    0.00    0.00    0.00    0.00    0.00  100.00
12:48:40      23    0.00    0.00    0.00    0.00    0.00    0.00    0.00    0.00  100.00
12:48:40      24    0.00    0.00    0.00    0.00    0.00    0.00    0.00    0.00  100.00
12:48:40      25    0.00    0.00    0.00    0.00    0.00    0.00    0.00    0.00  100.00
12:48:40      26    0.00    0.00    0.00    0.00    0.00    0.00    0.00    0.00  100.00
12:48:40      27    0.00    0.00    0.00    0.00    0.00    0.00    0.00    0.00  100.00
12:48:40      28    0.00    0.00    0.00    0.00    0.00    0.00    0.00    0.00  100.00
12:48:40      29    0.00    0.00    0.00    0.00    0.00    0.00    0.00    0.00  100.00
12:48:40      30    0.00    0.00    0.00    0.00    0.00    0.00    0.00    0.00  100.00
12:48:40      31    0.00    0.00    0.00    0.00    0.00    0.00    0.00    0.00  100.00

12:48:40     CPU    %usr   %nice    %sys %iowait    %irq   %soft  %steal  %guest   %idle
12:48:41     all    0.00    0.00    0.09    0.00    0.00    0.00    0.00    0.00   99.91
12:48:41       0    0.00    0.00    1.02    0.00    0.00    0.00    0.00    0.00   98.98
12:48:41       1    0.00    0.00    0.00    0.00    0.00    0.00    0.00    0.00  100.00
12:48:41       2    0.00    0.00    0.00    0.00    0.00    0.00    0.00    0.00  100.00
12:48:41       3    0.00    0.00    0.00    0.00    0.00    0.00    0.00    0.00  100.00
12:48:41       4    0.00    0.00    0.00    0.00    0.00    0.00    0.00    0.00  100.00
12:48:41       5    0.00    0.00    0.00    0.00    0.00    0.00    0.00    0.00  100.00
12:48:41       6    0.00    0.00    0.00    0.00    0.00    0.00    0.00    0.00  100.00
12:48:41       7    0.00    0.00    0.00    0.00    0.00    0.00    0.00    0.00  100.00
12:48:41       8    0.00    0.00    0.00    0.00    0.00    0.00    0.00    0.00  100.00
12:48:41       9    0.00    0.00    0.00    0.00    0.00    0.00    0.00    0.00  100.00
12:48:41      10    0.00    0.00    0.00    0.00    0.00    0.00    0.00    0.00  100.00
12:48:41      11    0.00    0.00    0.00    0.00    0.00    0.00    0.00    0.00  100.00
12:48:41      12    0.00    0.00    0.00    0.00    0.00    0.00    0.00    0.00  100.00
12:48:41      13    0.00    0.00    0.00    0.00    0.00    0.00    0.00    0.00  100.00
12:48:41      14    0.00    0.00    0.00    0.00    0.00    0.00    0.00    0.00  100.00
12:48:41      15    0.00    0.00    0.00    0.00    0.00    0.00    0.00    0.00  100.00
12:48:41      16    0.00    0.00    0.00    0.00    0.00    0.00    0.00    0.00  100.00
12:48:41      17    0.00    0.00    0.00    0.00    0.00    0.00    0.00    0.00  100.00
12:48:41      18    0.00    0.00    0.00    0.00    0.00    0.00    0.00    0.00  100.00
12:48:41      19    0.00    0.00    0.00    0.00    0.00    0.00    0.00    0.00  100.00
12:48:41      20    0.00    0.00    0.00    0.00    0.00    0.00    0.00    0.00  100.00
12:48:41      21    0.00    0.00    2.02    0.00    0.00    0.00    0.00    0.00   97.98
12:48:41      22    0.00    0.00    0.00    0.00    0.00    0.00    0.00    0.00  100.00
12:48:41      23    0.00    0.00    0.00    0.00    0.00    0.00    0.00    0.00  100.00
12:48:41      24    0.00    0.00    0.00    0.00    0.00    0.00    0.00    0.00  100.00
12:48:41      25    0.00    0.00    0.00    0.00    0.00    0.00    0.00    0.00  100.00
12:48:41      26    0.00    0.00    0.00    0.00    0.00    0.00    0.00    0.00  100.00
12:48:41      27    0.00    0.00    0.00    0.00    0.00    0.00    0.00    0.00  100.00
12:48:41      28    0.00    0.00    0.00    0.00    0.00    0.00    0.00    0.00  100.00
12:48:41      29    0.00    0.00    0.00    0.00    0.00    0.00    0.00    0.00  100.00
12:48:41      30    0.00    0.00    0.00    0.00    0.00    0.00    0.00    0.00  100.00
12:48:41      31    0.00    0.00    0.00    0.00    0.00    0.00    0.00    0.00  100.00

12:48:41     CPU    %usr   %nice    %sys %iowait    %irq   %soft  %steal  %guest   %idle
12:48:42     all    0.00    0.00    0.03    0.00    0.00    0.00    0.00    0.00   99.97
12:48:42       0    0.00    0.00    1.02    0.00    0.00    0.00    0.00    0.00   98.98
12:48:42       1    0.00    0.00    0.00    0.00    0.00    0.00    0.00    0.00  100.00
12:48:42       2    0.00    0.00    0.00    0.00    0.00    0.00    0.00    0.00  100.00
12:48:42       3    0.00    0.00    0.00    0.00    0.00    0.00    0.00    0.00  100.00
12:48:42       4    0.00    0.00    0.00    0.00    0.00    0.00    0.00    0.00  100.00
12:48:42       5    0.00    0.00    0.00    0.00    0.00    0.00    0.00    0.00  100.00
12:48:42       6    0.00    0.00    0.00    0.00    0.00    0.00    0.00    0.00  100.00
12:48:42       7    0.00    0.00    0.00    0.00    0.00    0.00    0.00    0.00  100.00
12:48:42       8    0.00    0.00    0.00    0.00    0.00    0.00    0.00    0.00  100.00
12:48:42       9    0.00    0.00    0.00    0.00    0.00    0.00    0.00    0.00  100.00
12:48:42      10    0.00    0.00    0.00    0.00    0.00    0.00    0.00    0.00  100.00
12:48:42      11    0.00    0.00    0.00    0.00    0.00    0.00    0.00    0.00  100.00
12:48:42      12    0.00    0.00    0.00    0.00    0.00    0.00    0.00    0.00  100.00
12:48:42      13    0.00    0.00    0.00    0.00    0.00    0.00    0.00    0.00  100.00
12:48:42      14    0.00    0.00    0.00    0.00    0.00    0.00    0.00    0.00  100.00
12:48:42      15    0.00    0.00    0.00    0.00    0.00    0.00    0.00    0.00  100.00
12:48:42      16    0.00    0.00    0.00    0.00    0.00    0.00    0.00    0.00  100.00
12:48:42      17    0.00    0.00    0.00    0.00    0.00    0.00    0.00    0.00  100.00
12:48:42      18    0.00    0.00    0.00    0.00    0.00    0.00    0.00    0.00  100.00
12:48:42      19    0.00    0.00    0.00    0.00    0.00    0.00    0.00    0.00  100.00
12:48:42      20    0.00    0.00    0.00    0.00    0.00    0.00    0.00    0.00  100.00
12:48:42      21    0.00    0.00    1.02    0.00    0.00    0.00    0.00    0.00   98.98
12:48:42      22    0.00    0.00    0.00    0.00    0.00    0.00    0.00    0.00  100.00
12:48:42      23    0.00    0.00    0.00    0.00    0.00    0.00    0.00    0.00  100.00
12:48:42      24    0.00    0.00    0.00    0.00    0.00    0.00    0.00    0.00  100.00
12:48:42      25    0.00    0.00    0.00    0.00    0.00    0.00    0.00    0.00  100.00
12:48:42      26    0.00    0.00    0.00    0.00    0.00    0.00    0.00    0.00  100.00
12:48:42      27    0.00    0.00    0.00    0.00    0.00    0.00    0.00    0.00  100.00
12:48:42      28    0.00    0.00    0.00    0.00    0.00    0.00    0.00    0.00  100.00
12:48:42      29    0.00    0.00    0.00    0.00    0.00    0.00    0.00    0.00  100.00
12:48:42      30    0.00    0.00    0.00    0.00    0.00    0.00    0.00    0.00  100.00
12:48:42      31    0.00    0.00    0.00    0.00    0.00    0.00    0.00    0.00  100.00

12:48:42     CPU    %usr   %nice    %sys %iowait    %irq   %soft  %steal  %guest   %idle
12:48:43     all    0.00    0.00    0.09    0.00    0.00    0.00    0.00    0.00   99.91
12:48:43       0    0.00    0.00    1.02    0.00    0.00    0.00    0.00    0.00   98.98
12:48:43       1    0.00    0.00    0.00    0.00    0.00    0.00    0.00    0.00  100.00
12:48:43       2    0.00    0.00    0.00    0.00    0.00    0.00    0.00    0.00  100.00
12:48:43       3    0.00    0.00    0.00    0.00    0.00    0.00    0.00    0.00  100.00
12:48:43       4    0.00    0.00    0.00    0.00    0.00    0.00    0.00    0.00  100.00
12:48:43       5    0.00    0.00    0.00    0.00    0.00    0.00    0.00    0.00  100.00
12:48:43       6    0.00    0.00    0.00    0.00    0.00    0.00    0.00    0.00  100.00
12:48:43       7    0.00    0.00    0.00    0.00    0.00    0.00    0.00    0.00  100.00
12:48:43       8    0.00    0.00    0.00    0.00    0.00    0.00    0.00    0.00  100.00
12:48:43       9    0.00    0.00    0.00    0.00    0.00    0.00    0.00    0.00  100.00
12:48:43      10    0.00    0.00    0.00    0.00    0.00    0.00    0.00    0.00  100.00
12:48:43      11    0.00    0.00    0.00    0.00    0.00    0.00    0.00    0.00  100.00
12:48:43      12    0.00    0.00    0.00    0.00    0.00    0.00    0.00    0.00  100.00
12:48:43      13    0.00    0.00    0.00    0.00    0.00    0.00    0.00    0.00  100.00
12:48:43      14    0.00    0.00    0.00    0.00    0.00    0.00    0.00    0.00  100.00
12:48:43      15    0.00    0.00    0.00    0.00    0.00    0.00    0.00    0.00  100.00
12:48:43      16    0.00    0.00    0.00    0.00    0.00    0.00    0.00    0.00  100.00
12:48:43      17    0.00    0.00    0.00    0.00    0.00    0.00    0.00    0.00  100.00
12:48:43      18    0.00    0.00    0.00    0.00    0.00    0.00    0.00    0.00  100.00
12:48:43      19    0.00    0.00    0.00    0.00    0.00    0.00    0.00    0.00  100.00
12:48:43      20    0.00    0.00    0.00    0.00    0.00    0.00    0.00    0.00  100.00
12:48:43      21    1.01    0.00    1.01    0.00    0.00    0.00    0.00    0.00   97.98
12:48:43      22    0.00    0.00    0.00    0.00    0.00    0.00    0.00    0.00  100.00
12:48:43      23    0.00    0.00    0.00    0.00    0.00    0.00    0.00    0.00  100.00
12:48:43      24    0.00    0.00    0.00    0.00    0.00    0.00    0.00    0.00  100.00
12:48:43      25    0.00    0.00    0.00    0.00    0.00    0.00    0.00    0.00  100.00
12:48:43      26    0.00    0.00    0.00    0.00    0.00    0.00    0.00    0.00  100.00
12:48:43      27    0.00    0.00    0.00    0.00    0.00    0.00    0.00    0.00  100.00
12:48:43      28    0.00    0.00    0.00    0.00    0.00    0.00    0.00    0.00  100.00
12:48:43      29    0.00    0.00    0.00    0.00    0.00    0.00    0.00    0.00  100.00
12:48:43      30    0.00    0.00    0.00    0.00    0.00    0.00    0.00    0.00  100.00
12:48:43      31    0.00    0.00    0.00    0.00    0.00    0.00    0.00    0.00  100.00

12:48:43     CPU    %usr   %nice    %sys %iowait    %irq   %soft  %steal  %guest   %idle
12:48:44     all    0.03    0.00    0.06    0.00    0.00    0.00    0.00    0.00   99.91
12:48:44       0    0.00    0.00    1.02    0.00    0.00    0.00    0.00    0.00   98.98
12:48:44       1    0.00    0.00    0.00    0.00    0.00    0.00    0.00    0.00  100.00
12:48:44       2    0.00    0.00    0.00    0.00    0.00    0.00    0.00    0.00  100.00
12:48:44       3    0.00    0.00    0.00    0.00    0.00    0.00    0.00    0.00  100.00
12:48:44       4    0.00    0.00    0.00    0.00    0.00    0.00    0.00    0.00  100.00
12:48:44       5    0.00    0.00    0.00    0.00    0.00    0.00    0.00    0.00  100.00
12:48:44       6    0.00    0.00    0.00    0.00    0.00    0.00    0.00    0.00  100.00
12:48:44       7    0.00    0.00    0.00    0.00    0.00    0.00    0.00    0.00  100.00
12:48:44       8    0.00    0.00    0.99    0.00    0.00    0.00    0.00    0.00   99.01
12:48:44       9    0.00    0.00    0.00    0.00    0.00    0.00    0.00    0.00  100.00
12:48:44      10    0.00    0.00    0.00    0.00    0.00    0.00    0.00    0.00  100.00
12:48:44      11    0.00    0.00    0.00    0.00    0.00    0.00    0.00    0.00  100.00
12:48:44      12    0.00    0.00    0.00    0.00    0.00    0.00    0.00    0.00  100.00
12:48:44      13    0.00    0.00    0.00    0.00    0.00    0.00    0.00    0.00  100.00
12:48:44      14    0.00    0.00    0.00    0.00    0.00    0.00    0.00    0.00  100.00
12:48:44      15    0.00    0.00    0.00    0.00    0.00    0.00    0.00    0.00  100.00
12:48:44      16    0.00    0.00    0.00    0.00    0.00    0.00    0.00    0.00  100.00
12:48:44      17    0.00    0.00    0.00    0.00    0.00    0.00    0.00    0.00  100.00
12:48:44      18    0.00    0.00    0.00    0.00    0.00    0.00    0.00    0.00  100.00
12:48:44      19    0.00    0.00    0.00    0.00    0.00    0.00    0.00    0.00  100.00
12:48:44      20    0.00    0.00    0.00    0.00    0.00    0.00    0.00    0.00  100.00
12:48:44      21    0.00    0.00    1.01    0.00    0.00    0.00    0.00    0.00   98.99
12:48:44      22    0.00    0.00    0.00    0.00    0.00    0.00    0.00    0.00  100.00
12:48:44      23    0.00    0.00    0.00    0.00    0.00    0.00    0.00    0.00  100.00
12:48:44      24    0.00    0.00    0.00    0.00    0.00    0.00    0.00    0.00  100.00
12:48:44      25    0.00    0.00    0.99    0.00    0.00    0.00    0.00    0.00   99.01
12:48:44      26    0.00    0.00    0.00    0.00    0.00    0.00    0.00    0.00  100.00
12:48:44      27    0.00    0.00    0.00    0.00    0.00    0.00    0.00    0.00  100.00
12:48:44      28    0.00    0.00    0.00    0.00    0.00    0.00    0.00    0.00  100.00
12:48:44      29    0.00    0.00    0.00    0.00    0.00    0.00    0.00    0.00  100.00
12:48:44      30    0.00    0.00    0.00    0.00    0.00    0.00    0.00    0.00  100.00
12:48:44      31    0.00    0.00    0.00    0.00    0.00    0.00    0.00    0.00  100.00

12:48:44     CPU    %usr   %nice    %sys %iowait    %irq   %soft  %steal  %guest   %idle
12:48:45     all    0.00    0.00    0.13    0.00    0.00    0.00    0.00    0.00   99.87
12:48:45       0    0.00    0.00    1.01    0.00    0.00    0.00    0.00    0.00   98.99
12:48:45       1    0.00    0.00    0.00    0.00    0.00    0.00    0.00    0.00  100.00
12:48:45       2    0.00    0.00    0.00    0.00    0.00    0.00    0.00    0.00  100.00
12:48:45       3    0.00    0.00    0.00    0.00    0.00    0.00    0.00    0.00  100.00
12:48:45       4    0.00    0.00    0.00    0.00    0.00    0.00    0.00    0.00  100.00
12:48:45       5    0.00    0.00    0.00    0.00    0.00    0.00    0.00    0.00  100.00
12:48:45       6    0.00    0.00    0.00    0.00    0.00    0.00    0.00    0.00  100.00
12:48:45       7    0.00    0.00    0.00    0.00    0.00    0.00    0.00    0.00  100.00
12:48:45       8    0.00    0.00    0.00    0.00    0.00    0.00    0.00    0.00  100.00
12:48:45       9    0.00    0.00    0.00    0.00    0.00    0.00    0.00    0.00  100.00
12:48:45      10    0.00    0.00    0.00    0.00    0.00    0.00    0.00    0.00  100.00
12:48:45      11    0.00    0.00    0.00    0.00    0.00    0.00    0.00    0.00  100.00
12:48:45      12    0.00    0.00    0.00    0.00    0.00    0.00    0.00    0.00  100.00
12:48:45      13    0.00    0.00    0.00    0.00    0.00    0.00    0.00    0.00  100.00
12:48:45      14    0.00    0.00    0.00    0.00    0.00    0.00    0.00    0.00  100.00
12:48:45      15    0.00    0.00    0.00    0.00    0.00    0.00    0.00    0.00  100.00
12:48:45      16    0.00    0.00    0.00    0.00    0.00    0.00    0.00    0.00  100.00
12:48:45      17    0.00    0.00    0.00    0.00    0.00    0.00    0.00    0.00  100.00
12:48:45      18    0.00    0.00    0.99    0.00    0.00    0.00    0.00    0.00   99.01
12:48:45      19    0.00    0.00    0.00    0.00    0.00    0.00    0.00    0.00  100.00
12:48:45      20    0.00    0.00    0.00    0.00    0.00    0.00    0.00    0.00  100.00
12:48:45      21    0.00    0.00    1.02    0.00    0.00    0.00    0.00    0.00   98.98
12:48:45      22    0.00    0.00    0.00    0.00    0.00    0.00    0.00    0.00  100.00
12:48:45      23    0.00    0.00    0.00    0.00    0.00    0.00    0.00    0.00  100.00
12:48:45      24    0.00    0.00    0.00    0.00    0.00    0.00    0.00    0.00  100.00
12:48:45      25    0.00    0.00    0.00    0.00    0.00    0.00    0.00    0.00  100.00
12:48:45      26    0.00    0.00    0.00    0.00    0.00    0.00    0.00    0.00  100.00
12:48:45      27    0.00    0.00    0.00    0.00    0.00    0.00    0.00    0.00  100.00
12:48:45      28    0.00    0.00    0.00    0.00    0.00    0.00    0.00    0.00  100.00
12:48:45      29    0.00    0.00    0.00    0.00    0.00    0.00    0.00    0.00  100.00
12:48:45      30    0.00    0.00    0.00    0.00    0.00    0.00    0.00    0.00  100.00
12:48:45      31    0.00    0.00    0.00    0.00    0.00    0.00    0.00    0.00  100.00

12:48:45     CPU    %usr   %nice    %sys %iowait    %irq   %soft  %steal  %guest   %idle
12:48:46     all    0.00    0.00    0.06    0.00    0.00    0.00    0.00    0.00   99.94
12:48:46       0    0.00    0.00    1.02    0.00    0.00    0.00    0.00    0.00   98.98
12:48:46       1    0.00    0.00    0.00    0.00    0.00    0.00    0.00    0.00  100.00
12:48:46       2    0.00    0.00    0.00    0.00    0.00    0.00    0.00    0.00  100.00
12:48:46       3    0.00    0.00    0.00    0.00    0.00    0.00    0.00    0.00  100.00
12:48:46       4    0.00    0.00    0.00    0.00    0.00    0.00    0.00    0.00  100.00
12:48:46       5    0.00    0.00    0.00    0.00    0.00    0.00    0.00    0.00  100.00
12:48:46       6    0.00    0.00    0.00    0.00    0.00    0.00    0.00    0.00  100.00
12:48:46       7    0.00    0.00    0.00    0.00    0.00    0.00    0.00    0.00  100.00
12:48:46       8    0.00    0.00    0.00    0.00    0.00    0.00    0.00    0.00  100.00
12:48:46       9    0.00    0.00    0.00    0.00    0.00    0.00    0.00    0.00  100.00
12:48:46      10    0.00    0.00    0.00    0.00    0.00    0.00    0.00    0.00  100.00
12:48:46      11    0.00    0.00    0.00    0.00    0.00    0.00    0.00    0.00  100.00
12:48:46      12    0.00    0.00    0.00    0.00    0.00    0.00    0.00    0.00  100.00
12:48:46      13    0.00    0.00    0.00    0.00    0.00    0.00    0.00    0.00  100.00
12:48:46      14    0.00    0.00    0.00    0.00    0.00    0.00    0.00    0.00  100.00
12:48:46      15    0.00    0.00    0.00    0.00    0.00    0.00    0.00    0.00  100.00
12:48:46      16    0.00    0.00    0.00    0.00    0.00    0.00    0.00    0.00  100.00
12:48:46      17    0.00    0.00    0.00    0.00    0.00    0.00    0.00    0.00  100.00
12:48:46      18    0.00    0.00    0.00    0.00    0.00    0.00    0.00    0.00  100.00
12:48:46      19    0.00    0.00    0.00    0.00    0.00    0.00    0.00    0.00  100.00
12:48:46      20    0.00    0.00    0.00    0.00    0.00    0.00    0.00    0.00  100.00
12:48:46      21    0.00    0.00    2.02    0.00    0.00    0.00    0.00    0.00   97.98
12:48:46      22    0.00    0.00    0.00    0.00    0.00    0.00    0.00    0.00  100.00
12:48:46      23    0.00    0.00    0.00    0.00    0.00    0.00    0.00    0.00  100.00
12:48:46      24    0.00    0.00    0.00    0.00    0.00    0.00    0.00    0.00  100.00
12:48:46      25    0.00    0.00    0.00    0.00    0.00    0.00    0.00    0.00  100.00
12:48:46      26    0.00    0.00    0.00    0.00    0.00    0.00    0.00    0.00  100.00
12:48:46      27    0.00    0.00    0.00    0.00    0.00    0.00    0.00    0.00  100.00
12:48:46      28    0.00    0.00    0.00    0.00    0.00    0.00    0.00    0.00  100.00
12:48:46      29    0.00    0.00    0.00    0.00    0.00    0.00    0.00    0.00  100.00
12:48:46      30    0.00    0.00    0.00    0.00    0.00    0.00    0.00    0.00  100.00
12:48:46      31    0.00    0.00    0.00    0.00    0.00    0.00    0.00    0.00  100.00

12:48:46     CPU    %usr   %nice    %sys %iowait    %irq   %soft  %steal  %guest   %idle
12:48:47     all    0.00    0.00    0.06    0.00    0.00    0.00    0.00    0.00   99.94
12:48:47       0    0.00    0.00    1.02    0.00    0.00    0.00    0.00    0.00   98.98
12:48:47       1    0.00    0.00    0.00    0.00    0.00    0.00    0.00    0.00  100.00
12:48:47       2    0.00    0.00    0.00    0.00    0.00    0.00    0.00    0.00  100.00
12:48:47       3    0.00    0.00    0.00    0.00    0.00    0.00    0.00    0.00  100.00
12:48:47       4    0.00    0.00    0.00    0.00    0.00    0.00    0.00    0.00  100.00
12:48:47       5    0.00    0.00    0.00    0.00    0.00    0.00    0.00    0.00  100.00
12:48:47       6    0.00    0.00    0.00    0.00    0.00    0.00    0.00    0.00  100.00
12:48:47       7    0.00    0.00    0.00    0.00    0.00    0.00    0.00    0.00  100.00
12:48:47       8    0.00    0.00    0.00    0.00    0.00    0.00    0.00    0.00  100.00
12:48:47       9    0.00    0.00    0.00    0.00    0.00    0.00    0.00    0.00  100.00
12:48:47      10    0.00    0.00    0.00    0.00    0.00    0.00    0.00    0.00  100.00
12:48:47      11    0.00    0.00    0.00    0.00    0.00    0.00    0.00    0.00  100.00
12:48:47      12    0.00    0.00    0.00    0.00    0.00    0.00    0.00    0.00  100.00
12:48:47      13    0.00    0.00    0.00    0.00    0.00    0.00    0.00    0.00  100.00
12:48:47      14    0.00    0.00    0.00    0.00    0.00    0.00    0.00    0.00  100.00
12:48:47      15    0.00    0.00    0.00    0.00    0.00    0.00    0.00    0.00  100.00
12:48:47      16    0.00    0.00    0.00    0.00    0.00    0.00    0.00    0.00  100.00
12:48:47      17    0.00    0.00    0.00    0.00    0.00    0.00    0.00    0.00  100.00
12:48:47      18    0.00    0.00    0.00    0.00    0.00    0.00    0.00    0.00  100.00
12:48:47      19    0.00    0.00    1.00    0.00    0.00    0.00    0.00    0.00   99.00
12:48:47      20    0.00    0.00    0.00    0.00    0.00    0.00    0.00    0.00  100.00
12:48:47      21    0.00    0.00    0.00    0.00    0.00    0.00    0.00    0.00  100.00
12:48:47      22    0.00    0.00    0.00    0.00    0.00    0.00    0.00    0.00  100.00
12:48:47      23    0.00    0.00    0.00    0.00    0.00    0.00    0.00    0.00  100.00
12:48:47      24    0.00    0.00    0.00    0.00    0.00    0.00    0.00    0.00  100.00
12:48:47      25    0.00    0.00    0.00    0.00    0.00    0.00    0.00    0.00  100.00
12:48:47      26    0.00    0.00    0.00    0.00    0.00    0.00    0.00    0.00  100.00
12:48:47      27    0.00    0.00    0.00    0.00    0.00    0.00    0.00    0.00  100.00
12:48:47      28    0.00    0.00    0.00    0.00    0.00    0.00    0.00    0.00  100.00
12:48:47      29    0.00    0.00    0.00    0.00    0.00    0.00    0.00    0.00  100.00
12:48:47      30    0.00    0.00    0.00    0.00    0.00    0.00    0.00    0.00  100.00
12:48:47      31    0.00    0.00    0.00    0.00    0.00    0.00    0.00    0.00  100.00

12:48:47     CPU    %usr   %nice    %sys %iowait    %irq   %soft  %steal  %guest   %idle
12:48:48     all    0.03    0.00    0.06    0.00    0.00    0.00    0.00    0.00   99.91
12:48:48       0    0.00    0.00    1.02    0.00    0.00    0.00    0.00    0.00   98.98
12:48:48       1    0.00    0.00    0.00    0.00    0.00    0.00    0.00    0.00  100.00
12:48:48       2    0.00    0.00    0.00    0.00    0.00    0.00    0.00    0.00  100.00
12:48:48       3    0.00    0.00    0.00    0.00    0.00    0.00    0.00    0.00  100.00
12:48:48       4    0.00    0.00    0.00    0.00    0.00    0.00    0.00    0.00  100.00
12:48:48       5    0.00    0.00    0.00    0.00    0.00    0.00    0.00    0.00  100.00
12:48:48       6    0.00    0.00    0.00    0.00    0.00    0.00    0.00    0.00  100.00
12:48:48       7    0.00    0.00    0.00    0.00    0.00    0.00    0.00    0.00  100.00
12:48:48       8    0.00    0.00    0.00    0.00    0.00    0.00    0.00    0.00  100.00
12:48:48       9    0.00    0.00    0.00    0.00    0.00    0.00    0.00    0.00  100.00
12:48:48      10    0.00    0.00    0.00    0.00    0.00    0.00    0.00    0.00  100.00
12:48:48      11    0.00    0.00    0.00    0.00    0.00    0.00    0.00    0.00  100.00
12:48:48      12    0.00    0.00    0.00    0.00    0.00    0.00    0.00    0.00  100.00
12:48:48      13    0.00    0.00    0.00    0.00    0.00    0.00    0.00    0.00  100.00
12:48:48      14    0.00    0.00    0.00    0.00    0.00    0.00    0.00    0.00  100.00
12:48:48      15    0.00    0.00    0.00    0.00    0.00    0.00    0.00    0.00  100.00
12:48:48      16    0.00    0.00    0.00    0.00    0.00    0.00    0.00    0.00  100.00
12:48:48      17    0.00    0.00    0.00    0.00    0.00    0.00    0.00    0.00  100.00
12:48:48      18    0.00    0.00    0.00    0.00    0.00    0.00    0.00    0.00  100.00
12:48:48      19    0.00    0.00    0.00    0.00    0.00    0.00    0.00    0.00  100.00
12:48:48      20    0.00    0.00    0.00    0.00    0.00    0.00    0.00    0.00  100.00
12:48:48      21    0.00    0.00    1.02    0.00    0.00    0.00    0.00    0.00   98.98
12:48:48      22    0.00    0.00    0.00    0.00    0.00    0.00    0.00    0.00  100.00
12:48:48      23    0.00    0.00    0.00    0.00    0.00    0.00    0.00    0.00  100.00
12:48:48      24    0.00    0.00    0.00    0.00    0.00    0.00    0.00    0.00  100.00
12:48:48      25    0.00    0.00    0.00    0.00    0.00    0.00    0.00    0.00  100.00
12:48:48      26    0.00    0.00    0.00    0.00    0.00    0.00    0.00    0.00  100.00
12:48:48      27    0.00    0.00    0.00    0.00    0.00    0.00    0.00    0.00  100.00
12:48:48      28    0.00    0.00    0.00    0.00    0.00    0.00    0.00    0.00  100.00
12:48:48      29    0.00    0.00    0.00    0.00    0.00    0.00    0.00    0.00  100.00
12:48:48      30    0.00    0.00    0.00    0.00    0.00    0.00    0.00    0.00  100.00
12:48:48      31    0.00    0.00    0.00    0.00    0.00    0.00    0.00    0.00  100.00

12:48:48     CPU    %usr   %nice    %sys %iowait    %irq   %soft  %steal  %guest   %idle
12:48:49     all    0.00    0.00    0.06    0.00    0.00    0.00    0.00    0.00   99.94
12:48:49       0    0.00    0.00    1.01    0.00    0.00    0.00    0.00    0.00   98.99
12:48:49       1    0.00    0.00    0.00    0.00    0.00    0.00    0.00    0.00  100.00
12:48:49       2    0.00    0.00    0.00    0.00    0.00    0.00    0.00    0.00  100.00
12:48:49       3    0.00    0.00    0.00    0.00    0.00    0.00    0.00    0.00  100.00
12:48:49       4    0.00    0.00    0.00    0.00    0.00    0.00    0.00    0.00  100.00
12:48:49       5    0.00    0.00    0.00    0.00    0.00    0.00    0.00    0.00  100.00
12:48:49       6    0.00    0.00    0.00    0.00    0.00    0.00    0.00    0.00  100.00
12:48:49       7    0.00    0.00    0.00    0.00    0.00    0.00    0.00    0.00  100.00
12:48:49       8    0.00    0.00    0.00    0.00    0.00    0.00    0.00    0.00  100.00
12:48:49       9    0.00    0.00    0.00    0.00    0.00    0.00    0.00    0.00  100.00
12:48:49      10    0.00    0.00    0.99    0.00    0.00    0.00    0.00    0.00   99.01
12:48:49      11    0.00    0.00    0.00    0.00    0.00    0.00    0.00    0.00  100.00
12:48:49      12    0.00    0.00    0.00    0.00    0.00    0.00    0.00    0.00  100.00
12:48:49      13    0.00    0.00    0.00    0.00    0.00    0.00    0.00    0.00  100.00
12:48:49      14    0.00    0.00    0.00    0.00    0.00    0.00    0.00    0.00  100.00
12:48:49      15    0.00    0.00    0.00    0.00    0.00    0.00    0.00    0.00  100.00
12:48:49      16    0.00    0.00    0.00    0.00    0.00    0.00    0.00    0.00  100.00
12:48:49      17    0.00    0.00    0.00    0.00    0.00    0.00    0.00    0.00  100.00
12:48:49      18    0.00    0.00    0.00    0.00    0.00    0.00    0.00    0.00  100.00
12:48:49      19    0.00    0.00    0.00    0.00    0.00    0.00    0.00    0.00  100.00
12:48:49      20    0.00    0.00    0.00    0.00    0.00    0.00    0.00    0.00  100.00
12:48:49      21    0.00    0.00    1.02    0.00    0.00    0.00    0.00    0.00   98.98
12:48:49      22    0.00    0.00    0.00    0.00    0.00    0.00    0.00    0.00  100.00
12:48:49      23    0.00    0.00    0.00    0.00    0.00    0.00    0.00    0.00  100.00
12:48:49      24    0.00    0.00    0.00    0.00    0.00    0.00    0.00    0.00  100.00
12:48:49      25    0.00    0.00    0.00    0.00    0.00    0.00    0.00    0.00  100.00
12:48:49      26    0.00    0.00    0.00    0.00    0.00    0.00    0.00    0.00  100.00
12:48:49      27    0.00    0.00    0.00    0.00    0.00    0.00    0.00    0.00  100.00
12:48:49      28    0.00    0.00    0.00    0.00    0.00    0.00    0.00    0.00  100.00
12:48:49      29    0.00    0.00    0.00    0.00    0.00    0.00    0.00    0.00  100.00
12:48:49      30    0.00    0.00    0.00    0.00    0.00    0.00    0.00    0.00  100.00
12:48:49      31    0.00    0.00    0.00    0.00    0.00    0.00    0.00    0.00  100.00

12:48:49     CPU    %usr   %nice    %sys %iowait    %irq   %soft  %steal  %guest   %idle
12:48:50     all    0.00    0.00    0.09    0.00    0.00    0.00    0.00    0.00   99.91
12:48:50       0    0.00    0.00    1.02    0.00    0.00    0.00    0.00    0.00   98.98
12:48:50       1    0.00    0.00    0.00    0.00    0.00    0.00    0.00    0.00  100.00
12:48:50       2    0.00    0.00    0.00    0.00    0.00    0.00    0.00    0.00  100.00
12:48:50       3    0.00    0.00    0.00    0.00    0.00    0.00    0.00    0.00  100.00
12:48:50       4    0.00    0.00    0.00    0.00    0.00    0.00    0.00    0.00  100.00
12:48:50       5    0.00    0.00    0.00    0.00    0.00    0.00    0.00    0.00  100.00
12:48:50       6    0.00    0.00    0.00    0.00    0.00    0.00    0.00    0.00  100.00
12:48:50       7    0.00    0.00    0.00    0.00    0.00    0.00    0.00    0.00  100.00
12:48:50       8    0.00    0.00    0.00    0.00    0.00    0.00    0.00    0.00  100.00
12:48:50       9    0.00    0.00    0.00    0.00    0.00    0.00    0.00    0.00  100.00
12:48:50      10    0.00    0.00    0.00    0.00    0.00    0.00    0.00    0.00  100.00
12:48:50      11    0.00    0.00    0.00    0.00    0.00    0.00    0.00    0.00  100.00
12:48:50      12    0.00    0.00    0.00    0.00    0.00    0.00    0.00    0.00  100.00
12:48:50      13    0.00    0.00    0.00    0.00    0.00    0.00    0.00    0.00  100.00
12:48:50      14    0.00    0.00    0.00    0.00    0.00    0.00    0.00    0.00  100.00
12:48:50      15    0.00    0.00    0.00    0.00    0.00    0.00    0.00    0.00  100.00
12:48:50      16    0.00    0.00    0.00    0.00    0.00    0.00    0.00    0.00  100.00
12:48:50      17    0.00    0.00    0.00    0.00    0.00    0.00    0.00    0.00  100.00
12:48:50      18    0.00    0.00    0.00    0.00    0.00    0.00    0.00    0.00  100.00
12:48:50      19    0.00    0.00    0.00    0.00    0.00    0.00    0.00    0.00  100.00
12:48:50      20    0.00    0.00    0.00    0.00    0.00    0.00    0.00    0.00  100.00
12:48:50      21    1.00    0.00    1.00    0.00    0.00    0.00    0.00    0.00   98.00
12:48:50      22    0.00    0.00    0.00    0.00    0.00    0.00    0.00    0.00  100.00
12:48:50      23    0.00    0.00    0.00    0.00    0.00    0.00    0.00    0.00  100.00
12:48:50      24    0.00    0.00    0.00    0.00    0.00    0.00    0.00    0.00  100.00
12:48:50      25    0.00    0.00    0.00    0.00    0.00    0.00    0.00    0.00  100.00
12:48:50      26    0.00    0.00    0.00    0.00    0.00    0.00    0.00    0.00  100.00
12:48:50      27    0.00    0.00    0.00    0.00    0.00    0.00    0.00    0.00  100.00
12:48:50      28    0.00    0.00    0.00    0.00    0.00    0.00    0.00    0.00  100.00
12:48:50      29    0.00    0.00    0.00    0.00    0.00    0.00    0.00    0.00  100.00
12:48:50      30    0.00    0.00    0.00    0.00    0.00    0.00    0.00    0.00  100.00
12:48:50      31    0.00    0.00    0.00    0.00    0.00    0.00    0.00    0.00  100.00

12:48:50     CPU    %usr   %nice    %sys %iowait    %irq   %soft  %steal  %guest   %idle
12:48:51     all    0.00    0.00    0.09    0.03    0.00    0.00    0.00    0.00   99.87
12:48:51       0    0.00    0.00    1.02    0.00    0.00    0.00    0.00    0.00   98.98
12:48:51       1    0.00    0.00    0.00    0.00    0.00    0.00    0.00    0.00  100.00
12:48:51       2    0.00    0.00    0.00    0.00    0.00    0.00    0.00    0.00  100.00
12:48:51       3    0.00    0.00    0.00    0.00    0.00    0.00    0.00    0.00  100.00
12:48:51       4    0.00    0.00    0.00    0.00    0.00    0.00    0.00    0.00  100.00
12:48:51       5    0.00    0.00    0.00    0.00    0.00    0.00    0.00    0.00  100.00
12:48:51       6    0.00    0.00    0.00    0.00    0.00    0.00    0.00    0.00  100.00
12:48:51       7    0.00    0.00    0.00    0.00    0.00    0.00    0.00    0.00  100.00
12:48:51       8    0.00    0.00    0.00    0.00    0.00    0.00    0.00    0.00  100.00
12:48:51       9    0.00    0.00    0.00    0.00    0.00    0.00    0.00    0.00  100.00
12:48:51      10    0.00    0.00    0.00    0.00    0.00    0.00    0.00    0.00  100.00
12:48:51      11    0.00    0.00    0.00    0.00    0.00    0.00    0.00    0.00  100.00
12:48:51      12    0.00    0.00    0.00    2.00    0.00    0.00    0.00    0.00   98.00
12:48:51      13    0.00    0.00    0.00    0.00    0.00    0.00    0.00    0.00  100.00
12:48:51      14    0.00    0.00    0.00    0.00    0.00    0.00    0.00    0.00  100.00
12:48:51      15    0.00    0.00    0.00    0.00    0.00    0.00    0.00    0.00  100.00
12:48:51      16    0.00    0.00    0.00    0.00    0.00    0.00    0.00    0.00  100.00
12:48:51      17    0.00    0.00    0.00    0.00    0.00    0.00    0.00    0.00  100.00
12:48:51      18    0.00    0.00    0.00    0.00    0.00    0.00    0.00    0.00  100.00
12:48:51      19    0.00    0.00    0.00    0.00    0.00    0.00    0.00    0.00  100.00
12:48:51      20    0.00    0.00    0.00    0.00    0.00    0.00    0.00    0.00  100.00
12:48:51      21    0.00    0.00    1.02    0.00    0.00    0.00    0.00    0.00   98.98
12:48:51      22    0.00    0.00    0.00    0.00    0.00    0.00    0.00    0.00  100.00
12:48:51      23    0.00    0.00    0.00    0.00    0.00    0.00    0.00    0.00  100.00
12:48:51      24    0.00    0.00    0.00    0.00    0.00    0.00    0.00    0.00  100.00
12:48:51      25    0.00    0.00    0.00    0.00    0.00    0.00    0.00    0.00  100.00
12:48:51      26    0.00    0.00    0.00    0.00    0.00    0.00    0.00    0.00  100.00
12:48:51      27    0.00    0.00    0.00    0.00    0.00    0.00    0.00    0.00  100.00
12:48:51      28    0.00    0.00    0.00    0.00    0.00    0.00    0.00    0.00  100.00
12:48:51      29    0.00    0.00    0.00    0.00    0.00    0.00    0.00    0.00  100.00
12:48:51      30    0.00    0.00    0.00    0.00    0.00    0.00    0.00    0.00  100.00
12:48:51      31    0.00    0.00    0.00    0.00    0.00    0.00    0.00    0.00  100.00

12:48:51     CPU    %usr   %nice    %sys %iowait    %irq   %soft  %steal  %guest   %idle
12:48:52     all    0.03    0.00    0.09    0.00    0.00    0.00    0.00    0.00   99.87
12:48:52       0    0.00    0.00    1.02    0.00    0.00    0.00    0.00    0.00   98.98
12:48:52       1    0.00    0.00    0.00    0.00    0.00    0.00    0.00    0.00  100.00
12:48:52       2    0.00    0.00    0.00    0.00    0.00    0.00    0.00    0.00  100.00
12:48:52       3    0.00    0.00    0.00    0.00    0.00    0.00    0.00    0.00  100.00
12:48:52       4    0.00    0.00    0.00    0.00    0.00    0.00    0.00    0.00  100.00
12:48:52       5    0.00    0.00    0.00    0.00    0.00    0.00    0.00    0.00  100.00
12:48:52       6    0.00    0.00    0.00    0.00    0.00    0.00    0.00    0.00  100.00
12:48:52       7    0.00    0.00    0.00    0.00    0.00    0.00    0.00    0.00  100.00
12:48:52       8    0.00    0.00    0.00    0.00    0.00    0.00    0.00    0.00  100.00
12:48:52       9    0.00    0.00    0.00    0.00    0.00    0.00    0.00    0.00  100.00
12:48:52      10    0.00    0.00    0.00    0.00    0.00    0.00    0.00    0.00  100.00
12:48:52      11    0.00    0.00    0.00    0.00    0.00    0.00    0.00    0.00  100.00
12:48:52      12    0.00    0.00    0.00    0.00    0.00    0.00    0.00    0.00  100.00
12:48:52      13    0.00    0.00    0.00    0.00    0.00    0.00    0.00    0.00  100.00
12:48:52      14    0.00    0.00    0.00    0.00    0.00    0.00    0.00    0.00  100.00
12:48:52      15    0.00    0.00    0.00    0.00    0.00    0.00    0.00    0.00  100.00
12:48:52      16    0.00    0.00    0.00    0.00    0.00    0.00    0.00    0.00  100.00
12:48:52      17    0.00    0.00    0.00    0.00    0.00    0.00    0.00    0.00  100.00
12:48:52      18    0.00    0.00    0.00    0.00    0.00    0.00    0.00    0.00  100.00
12:48:52      19    0.00    0.00    0.00    0.00    0.00    0.00    0.00    0.00  100.00
12:48:52      20    0.00    0.00    0.00    0.00    0.00    0.00    0.00    0.00  100.00
12:48:52      21    0.00    0.00    2.02    0.00    0.00    0.00    0.00    0.00   97.98
12:48:52      22    0.00    0.00    0.00    0.00    0.00    0.00    0.00    0.00  100.00
12:48:52      23    0.00    0.00    0.00    0.00    0.00    0.00    0.00    0.00  100.00
12:48:52      24    0.00    0.00    0.00    0.00    0.00    0.00    0.00    0.00  100.00
12:48:52      25    0.00    0.00    0.00    0.00    0.00    0.00    0.00    0.00  100.00
12:48:52      26    0.00    0.00    0.00    0.00    0.00    0.00    0.00    0.00  100.00
12:48:52      27    0.00    0.00    0.00    0.00    0.00    0.00    0.00    0.00  100.00
12:48:52      28    0.00    0.00    0.00    0.00    0.00    0.00    0.00    0.00  100.00
12:48:52      29    0.00    0.00    0.00    0.00    0.00    0.00    0.00    0.00  100.00
12:48:52      30    0.00    0.00    0.00    0.00    0.00    0.00    0.00    0.00  100.00
12:48:52      31    0.00    0.00    0.00    0.00    0.00    0.00    0.00    0.00  100.00

12:48:52     CPU    %usr   %nice    %sys %iowait    %irq   %soft  %steal  %guest   %idle
12:48:53     all    0.00    0.00    0.06    0.00    0.00    0.00    0.00    0.00   99.94
12:48:53       0    0.00    0.00    1.02    0.00    0.00    0.00    0.00    0.00   98.98
12:48:53       1    0.00    0.00    0.00    0.00    0.00    0.00    0.00    0.00  100.00
12:48:53       2    0.00    0.00    0.00    0.00    0.00    0.00    0.00    0.00  100.00
12:48:53       3    0.00    0.00    0.00    0.00    0.00    0.00    0.00    0.00  100.00
12:48:53       4    0.00    0.00    0.00    0.00    0.00    0.00    0.00    0.00  100.00
12:48:53       5    0.00    0.00    0.00    0.00    0.00    0.00    0.00    0.00  100.00
12:48:53       6    0.00    0.00    0.00    0.00    0.00    0.00    0.00    0.00  100.00
12:48:53       7    0.00    0.00    0.00    0.00    0.00    0.00    0.00    0.00  100.00
12:48:53       8    0.00    0.00    0.00    0.00    0.00    0.00    0.00    0.00  100.00
12:48:53       9    0.00    0.00    0.00    0.00    0.00    0.00    0.00    0.00  100.00
12:48:53      10    0.00    0.00    0.00    0.00    0.00    0.00    0.00    0.00  100.00
12:48:53      11    0.00    0.00    0.00    0.00    0.00    0.00    0.00    0.00  100.00
12:48:53      12    0.00    0.00    0.00    0.00    0.00    0.00    0.00    0.00  100.00
12:48:53      13    0.00    0.00    0.00    0.00    0.00    0.00    0.00    0.00  100.00
12:48:53      14    0.00    0.00    0.00    0.00    0.00    0.00    0.00    0.00  100.00
12:48:53      15    0.00    0.00    0.00    0.00    0.00    0.00    0.00    0.00  100.00
12:48:53      16    0.00    0.00    0.00    0.00    0.00    0.00    0.00    0.00  100.00
12:48:53      17    0.00    0.00    0.00    0.00    0.00    0.00    0.00    0.00  100.00
12:48:53      18    0.00    0.00    0.00    0.00    0.00    0.00    0.00    0.00  100.00
12:48:53      19    0.00    0.00    0.00    0.00    0.00    0.00    0.00    0.00  100.00
12:48:53      20    0.00    0.00    0.00    0.00    0.00    0.00    0.00    0.00  100.00
12:48:53      21    1.01    0.00    1.01    0.00    0.00    0.00    0.00    0.00   97.98
12:48:53      22    0.00    0.00    0.00    0.00    0.00    0.00    0.00    0.00  100.00
12:48:53      23    0.00    0.00    0.00    0.00    0.00    0.00    0.00    0.00  100.00
12:48:53      24    0.00    0.00    0.00    0.00    0.00    0.00    0.00    0.00  100.00
12:48:53      25    0.00    0.00    0.00    0.00    0.00    0.00    0.00    0.00  100.00
12:48:53      26    0.00    0.00    0.00    0.00    0.00    0.00    0.00    0.00  100.00
12:48:53      27    0.00    0.00    0.00    0.00    0.00    0.00    0.00    0.00  100.00
12:48:53      28    0.00    0.00    0.00    0.00    0.00    0.00    0.00    0.00  100.00
12:48:53      29    0.00    0.00    0.00    0.00    0.00    0.00    0.00    0.00  100.00
12:48:53      30    0.00    0.00    0.00    0.00    0.00    0.00    0.00    0.00  100.00
12:48:53      31    0.00    0.00    0.00    0.00    0.00    0.00    0.00    0.00  100.00

12:48:53     CPU    %usr   %nice    %sys %iowait    %irq   %soft  %steal  %guest   %idle
12:48:54     all    0.00    0.00    0.09    0.00    0.00    0.00    0.00    0.00   99.91
12:48:54       0    0.00    0.00    1.01    0.00    0.00    0.00    0.00    0.00   98.99
12:48:54       1    0.00    0.00    0.00    0.00    0.00    0.00    0.00    0.00  100.00
12:48:54       2    0.00    0.00    0.00    0.00    0.00    0.00    0.00    0.00  100.00
12:48:54       3    0.00    0.00    0.00    0.00    0.00    0.00    0.00    0.00  100.00
12:48:54       4    0.00    0.00    0.00    0.00    0.00    0.00    0.00    0.00  100.00
12:48:54       5    0.00    0.00    0.00    0.00    0.00    0.00    0.00    0.00  100.00
12:48:54       6    0.00    0.00    0.00    0.00    0.00    0.00    0.00    0.00  100.00
12:48:54       7    0.00    0.00    0.00    0.00    0.00    0.00    0.00    0.00  100.00
12:48:54       8    0.00    0.00    0.00    0.00    0.00    0.00    0.00    0.00  100.00
12:48:54       9    0.00    0.00    0.00    0.00    0.00    0.00    0.00    0.00  100.00
12:48:54      10    0.00    0.00    0.00    0.00    0.00    0.00    0.00    0.00  100.00
12:48:54      11    0.00    0.00    0.00    0.00    0.00    0.00    0.00    0.00  100.00
12:48:54      12    0.00    0.00    0.00    0.00    0.00    0.00    0.00    0.00  100.00
12:48:54      13    0.00    0.00    0.00    0.00    0.00    0.00    0.00    0.00  100.00
12:48:54      14    0.00    0.00    0.00    0.00    0.00    0.00    0.00    0.00  100.00
12:48:54      15    0.00    0.00    0.00    0.00    0.00    0.00    0.00    0.00  100.00
12:48:54      16    0.00    0.00    0.00    0.00    0.00    0.00    0.00    0.00  100.00
12:48:54      17    0.00    0.00    0.00    0.00    0.00    0.00    0.00    0.00  100.00
12:48:54      18    0.00    0.00    0.00    0.00    0.00    0.00    0.00    0.00  100.00
12:48:54      19    0.00    0.00    0.00    0.00    0.00    0.00    0.00    0.00  100.00
12:48:54      20    0.00    0.00    0.00    0.00    0.00    0.00    0.00    0.00  100.00
12:48:54      21    0.00    0.00    1.02    0.00    0.00    0.00    0.00    0.00   98.98
12:48:54      22    0.00    0.00    0.00    0.00    0.00    0.00    0.00    0.00  100.00
12:48:54      23    0.00    0.00    0.00    0.00    0.00    0.00    0.00    0.00  100.00
12:48:54      24    0.00    0.00    0.00    0.00    0.00    0.00    0.00    0.00  100.00
12:48:54      25    0.00    0.00    0.00    0.00    0.00    0.00    0.00    0.00  100.00
12:48:54      26    0.00    0.00    0.00    0.00    0.00    0.00    0.00    0.00  100.00
12:48:54      27    0.00    0.00    0.00    0.00    0.00    0.00    0.00    0.00  100.00
12:48:54      28    0.00    0.00    0.00    0.00    0.00    0.00    0.00    0.00  100.00
12:48:54      29    0.00    0.00    0.00    0.00    0.00    0.00    0.00    0.00  100.00
12:48:54      30    0.00    0.00    0.00    0.00    0.00    0.00    0.00    0.00  100.00
12:48:54      31    0.00    0.00    0.00    0.00    0.00    0.00    0.00    0.00  100.00
