Linux 2.6.32-279.14.1.el6.x86_64 (compute-641-20.local) 	04/21/20 	_x86_64_	(32 CPU)

12:49:29     CPU    %usr   %nice    %sys %iowait    %irq   %soft  %steal  %guest   %idle
12:49:30     all   97.97    0.00    1.72    0.00    0.00    0.00    0.00    0.00    0.31
12:49:30       0   98.02    0.00    0.99    0.00    0.00    0.00    0.00    0.00    0.99
12:49:30       1   98.02    0.00    0.99    0.00    0.00    0.00    0.00    0.00    0.99
12:49:30       2   98.99    0.00    1.01    0.00    0.00    0.00    0.00    0.00    0.00
12:49:30       3   97.03    0.00    1.98    0.00    0.00    0.00    0.00    0.00    0.99
12:49:30       4   97.03    0.00    1.98    0.00    0.00    0.00    0.00    0.00    0.99
12:49:30       5   98.99    0.00    1.01    0.00    0.00    0.00    0.00    0.00    0.00
12:49:30       6   98.00    0.00    2.00    0.00    0.00    0.00    0.00    0.00    0.00
12:49:30       7   96.04    0.00    0.99    0.00    0.00    0.00    0.00    0.00    2.97
12:49:30       8   98.02    0.00    1.98    0.00    0.00    0.00    0.00    0.00    0.00
12:49:30       9   98.00    0.00    2.00    0.00    0.00    0.00    0.00    0.00    0.00
12:49:30      10   99.00    0.00    1.00    0.00    0.00    0.00    0.00    0.00    0.00
12:49:30      11   98.99    0.00    1.01    0.00    0.00    0.00    0.00    0.00    0.00
12:49:30      12   98.00    0.00    2.00    0.00    0.00    0.00    0.00    0.00    0.00
12:49:30      13   98.00    0.00    2.00    0.00    0.00    0.00    0.00    0.00    0.00
12:49:30      14   98.00    0.00    2.00    0.00    0.00    0.00    0.00    0.00    0.00
12:49:30      15   98.00    0.00    2.00    0.00    0.00    0.00    0.00    0.00    0.00
12:49:30      16   95.96    0.00    4.04    0.00    0.00    0.00    0.00    0.00    0.00
12:49:30      17   98.99    0.00    1.01    0.00    0.00    0.00    0.00    0.00    0.00
12:49:30      18   98.00    0.00    2.00    0.00    0.00    0.00    0.00    0.00    0.00
12:49:30      19   98.00    0.00    2.00    0.00    0.00    0.00    0.00    0.00    0.00
12:49:30      20   97.00    0.00    2.00    0.00    0.00    0.00    0.00    0.00    1.00
12:49:30      21   97.98    0.00    2.02    0.00    0.00    0.00    0.00    0.00    0.00
12:49:30      22   98.00    0.00    2.00    0.00    0.00    0.00    0.00    0.00    0.00
12:49:30      23   97.00    0.00    2.00    0.00    0.00    0.00    0.00    0.00    1.00
12:49:30      24   97.06    0.00    1.96    0.00    0.00    0.00    0.00    0.00    0.98
12:49:30      25   98.00    0.00    2.00    0.00    0.00    0.00    0.00    0.00    0.00
12:49:30      26   98.00    0.00    2.00    0.00    0.00    0.00    0.00    0.00    0.00
12:49:30      27   98.00    0.00    2.00    0.00    0.00    0.00    0.00    0.00    0.00
12:49:30      28   98.00    0.00    2.00    0.00    0.00    0.00    0.00    0.00    0.00
12:49:30      29   99.00    0.00    1.00    0.00    0.00    0.00    0.00    0.00    0.00
12:49:30      30   98.00    0.00    2.00    0.00    0.00    0.00    0.00    0.00    0.00
12:49:30      31   98.00    0.00    2.00    0.00    0.00    0.00    0.00    0.00    0.00

12:49:30     CPU    %usr   %nice    %sys %iowait    %irq   %soft  %steal  %guest   %idle
12:49:31     all    8.01    0.00    0.13    0.00    0.00    0.00    0.00    0.00   91.86
12:49:31       0    8.16    0.00    1.02    0.00    0.00    0.00    0.00    0.00   90.82
12:49:31       1    8.08    0.00    0.00    0.00    0.00    0.00    0.00    0.00   91.92
12:49:31       2    8.00    0.00    0.00    0.00    0.00    0.00    0.00    0.00   92.00
12:49:31       3    8.08    0.00    0.00    0.00    0.00    0.00    0.00    0.00   91.92
12:49:31       4    8.00    0.00    0.00    0.00    0.00    0.00    0.00    0.00   92.00
12:49:31       5    8.00    0.00    0.00    0.00    0.00    0.00    0.00    0.00   92.00
12:49:31       6    8.00    0.00    0.00    0.00    0.00    0.00    0.00    0.00   92.00
12:49:31       7    8.00    0.00    0.00    0.00    0.00    0.00    0.00    0.00   92.00
12:49:31       8    8.00    0.00    0.00    0.00    0.00    0.00    0.00    0.00   92.00
12:49:31       9    8.00    0.00    0.00    0.00    0.00    0.00    0.00    0.00   92.00
12:49:31      10    7.92    0.00    0.99    0.00    0.00    0.00    0.00    0.00   91.09
12:49:31      11    8.00    0.00    0.00    0.00    0.00    0.00    0.00    0.00   92.00
12:49:31      12    8.00    0.00    0.00    0.00    0.00    0.00    0.00    0.00   92.00
12:49:31      13    8.00    0.00    0.00    0.00    0.00    0.00    0.00    0.00   92.00
12:49:31      14    8.00    0.00    0.00    0.00    0.00    0.00    0.00    0.00   92.00
12:49:31      15    8.00    0.00    0.00    0.00    0.00    0.00    0.00    0.00   92.00
12:49:31      16    9.09    0.00    1.01    0.00    0.00    0.00    0.00    0.00   89.90
12:49:31      17    8.00    0.00    0.00    0.00    0.00    0.00    0.00    0.00   92.00
12:49:31      18    8.00    0.00    0.00    0.00    0.00    0.00    0.00    0.00   92.00
12:49:31      19    8.00    0.00    0.00    0.00    0.00    0.00    0.00    0.00   92.00
12:49:31      20    8.08    0.00    0.00    0.00    0.00    0.00    0.00    0.00   91.92
12:49:31      21    8.00    0.00    0.00    0.00    0.00    0.00    0.00    0.00   92.00
12:49:31      22    8.00    0.00    0.00    0.00    0.00    0.00    0.00    0.00   92.00
12:49:31      23    8.00    0.00    0.00    0.00    0.00    0.00    0.00    0.00   92.00
12:49:31      24    8.08    0.00    0.00    0.00    0.00    0.00    0.00    0.00   91.92
12:49:31      25    8.00    0.00    0.00    0.00    0.00    0.00    0.00    0.00   92.00
12:49:31      26    8.00    0.00    0.00    0.00    0.00    0.00    0.00    0.00   92.00
12:49:31      27    8.00    0.00    0.00    0.00    0.00    0.00    0.00    0.00   92.00
12:49:31      28    8.00    0.00    0.00    0.00    0.00    0.00    0.00    0.00   92.00
12:49:31      29    8.00    0.00    0.00    0.00    0.00    0.00    0.00    0.00   92.00
12:49:31      30    8.00    0.00    0.00    0.00    0.00    0.00    0.00    0.00   92.00
12:49:31      31    8.00    0.00    0.00    0.00    0.00    0.00    0.00    0.00   92.00

12:49:31     CPU    %usr   %nice    %sys %iowait    %irq   %soft  %steal  %guest   %idle
12:49:32     all    0.03    0.00    0.06    0.00    0.00    0.00    0.00    0.00   99.91
12:49:32       0    0.00    0.00    1.02    0.00    0.00    0.00    0.00    0.00   98.98
12:49:32       1    0.00    0.00    0.00    0.00    0.00    0.00    0.00    0.00  100.00
12:49:32       2    0.00    0.00    0.00    0.00    0.00    0.00    0.00    0.00  100.00
12:49:32       3    0.00    0.00    0.00    0.00    0.00    0.00    0.00    0.00  100.00
12:49:32       4    0.00    0.00    0.00    0.00    0.00    0.00    0.00    0.00  100.00
12:49:32       5    0.00    0.00    0.00    0.00    0.00    0.00    0.00    0.00  100.00
12:49:32       6    0.00    0.00    0.00    0.00    0.00    0.00    0.00    0.00  100.00
12:49:32       7    0.00    0.00    0.00    0.00    0.00    0.00    0.00    0.00  100.00
12:49:32       8    0.00    0.00    0.00    0.00    0.00    0.00    0.00    0.00  100.00
12:49:32       9    0.00    0.00    0.00    0.00    0.00    0.00    0.00    0.00  100.00
12:49:32      10    0.00    0.00    0.00    0.00    0.00    0.00    0.00    0.00  100.00
12:49:32      11    0.00    0.00    0.00    0.00    0.00    0.00    0.00    0.00  100.00
12:49:32      12    0.00    0.00    0.00    0.00    0.00    0.00    0.00    0.00  100.00
12:49:32      13    0.00    0.00    0.00    0.00    0.00    0.00    0.00    0.00  100.00
12:49:32      14    0.00    0.00    0.00    0.00    0.00    0.00    0.00    0.00  100.00
12:49:32      15    0.00    0.00    0.00    0.00    0.00    0.00    0.00    0.00  100.00
12:49:32      16    0.00    0.00    1.01    0.00    0.00    0.00    0.00    0.00   98.99
12:49:32      17    0.00    0.00    0.00    0.00    0.00    0.00    0.00    0.00  100.00
12:49:32      18    0.00    0.00    0.00    0.00    0.00    0.00    0.00    0.00  100.00
12:49:32      19    0.00    0.00    0.00    0.00    0.00    0.00    0.00    0.00  100.00
12:49:32      20    0.00    0.00    0.00    0.00    0.00    0.00    0.00    0.00  100.00
12:49:32      21    0.00    0.00    0.00    0.00    0.00    0.00    0.00    0.00  100.00
12:49:32      22    0.00    0.00    0.00    0.00    0.00    0.00    0.00    0.00  100.00
12:49:32      23    0.00    0.00    0.00    0.00    0.00    0.00    0.00    0.00  100.00
12:49:32      24    0.00    0.00    0.00    0.00    0.00    0.00    0.00    0.00  100.00
12:49:32      25    0.00    0.00    0.00    0.00    0.00    0.00    0.00    0.00  100.00
12:49:32      26    0.00    0.00    0.00    0.00    0.00    0.00    0.00    0.00  100.00
12:49:32      27    0.00    0.00    0.00    0.00    0.00    0.00    0.00    0.00  100.00
12:49:32      28    0.00    0.00    0.00    0.00    0.00    0.00    0.00    0.00  100.00
12:49:32      29    0.00    0.00    0.00    0.00    0.00    0.00    0.00    0.00  100.00
12:49:32      30    0.00    0.00    0.00    0.00    0.00    0.00    0.00    0.00  100.00
12:49:32      31    0.00    0.00    0.00    0.00    0.00    0.00    0.00    0.00  100.00

12:49:32     CPU    %usr   %nice    %sys %iowait    %irq   %soft  %steal  %guest   %idle
12:49:33     all    0.00    0.00    0.09    0.00    0.00    0.00    0.00    0.00   99.91
12:49:33       0    0.00    0.00    1.03    0.00    0.00    0.00    0.00    0.00   98.97
12:49:33       1    0.00    0.00    0.00    0.00    0.00    0.00    0.00    0.00  100.00
12:49:33       2    0.00    0.00    0.00    0.00    0.00    0.00    0.00    0.00  100.00
12:49:33       3    0.00    0.00    0.00    0.00    0.00    0.00    0.00    0.00  100.00
12:49:33       4    0.00    0.00    0.00    0.00    0.00    0.00    0.00    0.00  100.00
12:49:33       5    0.00    0.00    0.00    0.00    0.00    0.00    0.00    0.00  100.00
12:49:33       6    0.00    0.00    0.00    0.00    0.00    0.00    0.00    0.00  100.00
12:49:33       7    0.00    0.00    0.00    0.00    0.00    0.00    0.00    0.00  100.00
12:49:33       8    0.00    0.00    0.00    0.00    0.00    0.00    0.00    0.00  100.00
12:49:33       9    0.00    0.00    0.00    0.00    0.00    0.00    0.00    0.00  100.00
12:49:33      10    0.00    0.00    0.00    0.00    0.00    0.00    0.00    0.00  100.00
12:49:33      11    0.00    0.00    0.00    0.00    0.00    0.00    0.00    0.00  100.00
12:49:33      12    0.00    0.00    0.00    0.00    0.00    0.00    0.00    0.00  100.00
12:49:33      13    0.00    0.00    0.00    0.00    0.00    0.00    0.00    0.00  100.00
12:49:33      14    0.00    0.00    0.00    0.00    0.00    0.00    0.00    0.00  100.00
12:49:33      15    0.00    0.00    0.00    0.00    0.00    0.00    0.00    0.00  100.00
12:49:33      16    0.00    0.00    1.01    0.00    0.00    0.00    0.00    0.00   98.99
12:49:33      17    0.00    0.00    0.99    0.00    0.00    0.00    0.00    0.00   99.01
12:49:33      18    0.00    0.00    0.00    0.00    0.00    0.00    0.00    0.00  100.00
12:49:33      19    0.00    0.00    0.00    0.00    0.00    0.00    0.00    0.00  100.00
12:49:33      20    0.00    0.00    0.00    0.00    0.00    0.00    0.00    0.00  100.00
12:49:33      21    0.00    0.00    0.00    0.00    0.00    0.00    0.00    0.00  100.00
12:49:33      22    0.00    0.00    0.00    0.00    0.00    0.00    0.00    0.00  100.00
12:49:33      23    0.00    0.00    0.00    0.00    0.00    0.00    0.00    0.00  100.00
12:49:33      24    0.00    0.00    0.00    0.00    0.00    0.00    0.00    0.00  100.00
12:49:33      25    0.00    0.00    0.00    0.00    0.00    0.00    0.00    0.00  100.00
12:49:33      26    0.00    0.00    0.00    0.00    0.00    0.00    0.00    0.00  100.00
12:49:33      27    0.00    0.00    0.00    0.00    0.00    0.00    0.00    0.00  100.00
12:49:33      28    0.00    0.00    0.00    0.00    0.00    0.00    0.00    0.00  100.00
12:49:33      29    0.00    0.00    0.00    0.00    0.00    0.00    0.00    0.00  100.00
12:49:33      30    0.00    0.00    0.00    0.00    0.00    0.00    0.00    0.00  100.00
12:49:33      31    0.00    0.00    0.00    0.00    0.00    0.00    0.00    0.00  100.00

12:49:33     CPU    %usr   %nice    %sys %iowait    %irq   %soft  %steal  %guest   %idle
12:49:34     all    0.00    0.00    0.09    0.91    0.00    0.00    0.00    0.00   99.00
12:49:34       0    0.00    0.00    1.02    0.00    0.00    0.00    0.00    0.00   98.98
12:49:34       1    0.00    0.00    0.00    0.00    0.00    0.00    0.00    0.00  100.00
12:49:34       2    0.00    0.00    0.00    0.00    0.00    0.00    0.00    0.00  100.00
12:49:34       3    0.00    0.00    0.00    0.00    0.00    0.00    0.00    0.00  100.00
12:49:34       4    0.00    0.00    0.00    0.00    0.00    0.00    0.00    0.00  100.00
12:49:34       5    0.00    0.00    0.00    0.00    0.00    0.00    0.00    0.00  100.00
12:49:34       6    0.00    0.00    0.00    0.00    0.00    0.00    0.00    0.00  100.00
12:49:34       7    0.00    0.00    0.00    0.00    0.00    0.00    0.00    0.00  100.00
12:49:34       8    0.00    0.00    0.00    0.00    0.00    0.00    0.00    0.00  100.00
12:49:34       9    0.00    0.00    0.00    0.00    0.00    0.00    0.00    0.00  100.00
12:49:34      10    0.00    0.00    0.00    0.00    0.00    0.00    0.00    0.00  100.00
12:49:34      11    0.00    0.00    0.00    0.00    0.00    0.00    0.00    0.00  100.00
12:49:34      12    0.00    0.00    0.00   21.00    0.00    0.00    0.00    0.00   79.00
12:49:34      13    0.00    0.00    0.00    0.00    0.00    0.00    0.00    0.00  100.00
12:49:34      14    0.00    0.00    0.00    0.00    0.00    0.00    0.00    0.00  100.00
12:49:34      15    0.00    0.00    0.00    0.00    0.00    0.00    0.00    0.00  100.00
12:49:34      16    0.00    0.00    1.01    0.00    0.00    0.00    0.00    0.00   98.99
12:49:34      17    0.00    0.00    0.00    0.00    0.00    0.00    0.00    0.00  100.00
12:49:34      18    0.00    0.00    0.00    0.00    0.00    0.00    0.00    0.00  100.00
12:49:34      19    0.00    0.00    0.00    0.00    0.00    0.00    0.00    0.00  100.00
12:49:34      20    0.00    0.00    0.00    0.00    0.00    0.00    0.00    0.00  100.00
12:49:34      21    0.00    0.00    0.00    0.00    0.00    0.00    0.00    0.00  100.00
12:49:34      22    0.00    0.00    0.00    0.00    0.00    0.00    0.00    0.00  100.00
12:49:34      23    0.00    0.00    0.00    0.00    0.00    0.00    0.00    0.00  100.00
12:49:34      24    0.00    0.00    0.00    0.00    0.00    0.00    0.00    0.00  100.00
12:49:34      25    0.00    0.00    0.00    0.00    0.00    0.00    0.00    0.00  100.00
12:49:34      26    0.00    0.00    0.00    0.00    0.00    0.00    0.00    0.00  100.00
12:49:34      27    0.00    0.00    0.00    8.00    0.00    0.00    0.00    0.00   92.00
12:49:34      28    0.00    0.00    0.00    0.00    0.00    0.00    0.00    0.00  100.00
12:49:34      29    0.00    0.00    0.00    0.00    0.00    0.00    0.00    0.00  100.00
12:49:34      30    0.00    0.00    0.00    0.00    0.00    0.00    0.00    0.00  100.00
12:49:34      31    0.00    0.00    0.00    0.00    0.00    0.00    0.00    0.00  100.00

12:49:34     CPU    %usr   %nice    %sys %iowait    %irq   %soft  %steal  %guest   %idle
12:49:35     all    0.00    0.00    0.06    0.00    0.00    0.00    0.00    0.00   99.94
12:49:35       0    0.00    0.00    1.01    0.00    0.00    0.00    0.00    0.00   98.99
12:49:35       1    0.00    0.00    0.00    0.00    0.00    0.00    0.00    0.00  100.00
12:49:35       2    0.00    0.00    0.00    0.00    0.00    0.00    0.00    0.00  100.00
12:49:35       3    0.00    0.00    0.00    0.00    0.00    0.00    0.00    0.00  100.00
12:49:35       4    0.00    0.00    0.00    0.00    0.00    0.00    0.00    0.00  100.00
12:49:35       5    0.00    0.00    0.00    0.00    0.00    0.00    0.00    0.00  100.00
12:49:35       6    0.00    0.00    0.00    0.00    0.00    0.00    0.00    0.00  100.00
12:49:35       7    0.00    0.00    0.00    0.00    0.00    0.00    0.00    0.00  100.00
12:49:35       8    0.00    0.00    0.00    0.00    0.00    0.00    0.00    0.00  100.00
12:49:35       9    0.00    0.00    0.00    0.00    0.00    0.00    0.00    0.00  100.00
12:49:35      10    0.00    0.00    0.00    0.00    0.00    0.00    0.00    0.00  100.00
12:49:35      11    0.00    0.00    0.00    0.00    0.00    0.00    0.00    0.00  100.00
12:49:35      12    0.00    0.00    0.00    0.00    0.00    0.00    0.00    0.00  100.00
12:49:35      13    0.00    0.00    0.00    0.00    0.00    0.00    0.00    0.00  100.00
12:49:35      14    0.00    0.00    0.00    0.00    0.00    0.00    0.00    0.00  100.00
12:49:35      15    0.00    0.00    0.00    0.00    0.00    0.00    0.00    0.00  100.00
12:49:35      16    0.00    0.00    1.02    0.00    0.00    0.00    0.00    0.00   98.98
12:49:35      17    0.00    0.00    0.00    0.00    0.00    0.00    0.00    0.00  100.00
12:49:35      18    0.00    0.00    0.00    0.00    0.00    0.00    0.00    0.00  100.00
12:49:35      19    0.00    0.00    0.00    0.00    0.00    0.00    0.00    0.00  100.00
12:49:35      20    0.00    0.00    0.00    0.00    0.00    0.00    0.00    0.00  100.00
12:49:35      21    0.00    0.00    0.00    0.00    0.00    0.00    0.00    0.00  100.00
12:49:35      22    0.00    0.00    0.00    0.00    0.00    0.00    0.00    0.00  100.00
12:49:35      23    0.00    0.00    0.00    0.00    0.00    0.00    0.00    0.00  100.00
12:49:35      24    0.00    0.00    0.00    0.00    0.00    0.00    0.00    0.00  100.00
12:49:35      25    0.00    0.00    0.00    0.00    0.00    0.00    0.00    0.00  100.00
12:49:35      26    0.00    0.00    0.00    0.00    0.00    0.00    0.00    0.00  100.00
12:49:35      27    0.00    0.00    0.00    0.00    0.00    0.00    0.00    0.00  100.00
12:49:35      28    0.00    0.00    0.00    0.00    0.00    0.00    0.00    0.00  100.00
12:49:35      29    0.00    0.00    0.00    0.00    0.00    0.00    0.00    0.00  100.00
12:49:35      30    0.00    0.00    0.00    0.00    0.00    0.00    0.00    0.00  100.00
12:49:35      31    0.00    0.00    0.00    0.00    0.00    0.00    0.00    0.00  100.00

12:49:35     CPU    %usr   %nice    %sys %iowait    %irq   %soft  %steal  %guest   %idle
12:49:36     all    0.03    0.00    0.03    0.00    0.00    0.00    0.00    0.00   99.94
12:49:36       0    0.00    0.00    1.02    0.00    0.00    0.00    0.00    0.00   98.98
12:49:36       1    0.00    0.00    0.00    0.00    0.00    0.00    0.00    0.00  100.00
12:49:36       2    0.00    0.00    0.00    0.00    0.00    0.00    0.00    0.00  100.00
12:49:36       3    0.00    0.00    0.00    0.00    0.00    0.00    0.00    0.00  100.00
12:49:36       4    0.00    0.00    0.00    0.00    0.00    0.00    0.00    0.00  100.00
12:49:36       5    0.00    0.00    0.00    0.00    0.00    0.00    0.00    0.00  100.00
12:49:36       6    0.00    0.00    0.00    0.00    0.00    0.00    0.00    0.00  100.00
12:49:36       7    0.00    0.00    0.00    0.00    0.00    0.00    0.00    0.00  100.00
12:49:36       8    0.00    0.00    0.00    0.00    0.00    0.00    0.00    0.00  100.00
12:49:36       9    0.00    0.00    0.00    0.00    0.00    0.00    0.00    0.00  100.00
12:49:36      10    0.00    0.00    0.00    0.00    0.00    0.00    0.00    0.00  100.00
12:49:36      11    0.00    0.00    0.00    0.00    0.00    0.00    0.00    0.00  100.00
12:49:36      12    0.00    0.00    0.00    0.00    0.00    0.00    0.00    0.00  100.00
12:49:36      13    0.00    0.00    0.00    0.00    0.00    0.00    0.00    0.00  100.00
12:49:36      14    0.00    0.00    0.00    0.00    0.00    0.00    0.00    0.00  100.00
12:49:36      15    0.00    0.00    0.00    0.00    0.00    0.00    0.00    0.00  100.00
12:49:36      16    0.00    0.00    0.00    0.00    0.00    0.00    0.00    0.00  100.00
12:49:36      17    0.00    0.00    0.00    0.00    0.00    0.00    0.00    0.00  100.00
12:49:36      18    0.00    0.00    0.00    0.00    0.00    0.00    0.00    0.00  100.00
12:49:36      19    0.00    0.00    0.00    0.00    0.00    0.00    0.00    0.00  100.00
12:49:36      20    0.00    0.00    0.00    0.00    0.00    0.00    0.00    0.00  100.00
12:49:36      21    0.00    0.00    0.00    0.00    0.00    0.00    0.00    0.00  100.00
12:49:36      22    0.00    0.00    0.00    0.00    0.00    0.00    0.00    0.00  100.00
12:49:36      23    0.00    0.00    0.00    0.00    0.00    0.00    0.00    0.00  100.00
12:49:36      24    0.00    0.00    0.00    0.00    0.00    0.00    0.00    0.00  100.00
12:49:36      25    0.00    0.00    0.00    0.00    0.00    0.00    0.00    0.00  100.00
12:49:36      26    0.00    0.00    0.00    0.00    0.00    0.00    0.00    0.00  100.00
12:49:36      27    0.00    0.00    0.00    0.00    0.00    0.00    0.00    0.00  100.00
12:49:36      28    0.00    0.00    0.00    0.00    0.00    0.00    0.00    0.00  100.00
12:49:36      29    0.00    0.00    0.00    0.00    0.00    0.00    0.00    0.00  100.00
12:49:36      30    0.00    0.00    0.00    0.00    0.00    0.00    0.00    0.00  100.00
12:49:36      31    0.00    0.00    0.00    0.00    0.00    0.00    0.00    0.00  100.00

12:49:36     CPU    %usr   %nice    %sys %iowait    %irq   %soft  %steal  %guest   %idle
12:49:37     all    0.00    0.00    0.06    0.00    0.00    0.00    0.00    0.00   99.94
12:49:37       0    0.00    0.00    1.02    0.00    0.00    0.00    0.00    0.00   98.98
12:49:37       1    0.00    0.00    0.00    0.00    0.00    0.00    0.00    0.00  100.00
12:49:37       2    0.00    0.00    0.00    0.00    0.00    0.00    0.00    0.00  100.00
12:49:37       3    0.00    0.00    0.00    0.00    0.00    0.00    0.00    0.00  100.00
12:49:37       4    0.00    0.00    0.00    0.00    0.00    0.00    0.00    0.00  100.00
12:49:37       5    0.00    0.00    0.00    0.00    0.00    0.00    0.00    0.00  100.00
12:49:37       6    0.00    0.00    0.00    0.00    0.00    0.00    0.00    0.00  100.00
12:49:37       7    0.00    0.00    0.00    0.00    0.00    0.00    0.00    0.00  100.00
12:49:37       8    0.00    0.00    0.00    0.00    0.00    0.00    0.00    0.00  100.00
12:49:37       9    0.00    0.00    0.00    0.00    0.00    0.00    0.00    0.00  100.00
12:49:37      10    0.00    0.00    0.00    0.00    0.00    0.00    0.00    0.00  100.00
12:49:37      11    0.00    0.00    0.00    0.00    0.00    0.00    0.00    0.00  100.00
12:49:37      12    0.00    0.00    0.00    0.00    0.00    0.00    0.00    0.00  100.00
12:49:37      13    0.00    0.00    0.00    0.00    0.00    0.00    0.00    0.00  100.00
12:49:37      14    0.00    0.00    0.00    0.00    0.00    0.00    0.00    0.00  100.00
12:49:37      15    0.00    0.00    0.00    0.00    0.00    0.00    0.00    0.00  100.00
12:49:37      16    0.00    0.00    1.01    0.00    0.00    0.00    0.00    0.00   98.99
12:49:37      17    0.00    0.00    0.00    0.00    0.00    0.00    0.00    0.00  100.00
12:49:37      18    0.00    0.00    0.00    0.00    0.00    0.00    0.00    0.00  100.00
12:49:37      19    0.00    0.00    0.00    0.00    0.00    0.00    0.00    0.00  100.00
12:49:37      20    0.00    0.00    0.00    0.00    0.00    0.00    0.00    0.00  100.00
12:49:37      21    0.00    0.00    0.00    0.00    0.00    0.00    0.00    0.00  100.00
12:49:37      22    0.00    0.00    0.00    0.00    0.00    0.00    0.00    0.00  100.00
12:49:37      23    0.00    0.00    0.00    0.00    0.00    0.00    0.00    0.00  100.00
12:49:37      24    0.00    0.00    0.00    0.00    0.00    0.00    0.00    0.00  100.00
12:49:37      25    0.00    0.00    0.00    0.00    0.00    0.00    0.00    0.00  100.00
12:49:37      26    0.00    0.00    0.00    0.00    0.00    0.00    0.00    0.00  100.00
12:49:37      27    0.00    0.00    0.00    0.00    0.00    0.00    0.00    0.00  100.00
12:49:37      28    0.00    0.00    0.00    0.00    0.00    0.00    0.00    0.00  100.00
12:49:37      29    0.00    0.00    0.00    0.00    0.00    0.00    0.00    0.00  100.00
12:49:37      30    0.00    0.00    0.00    0.00    0.00    0.00    0.00    0.00  100.00
12:49:37      31    0.00    0.00    0.00    0.00    0.00    0.00    0.00    0.00  100.00

12:49:37     CPU    %usr   %nice    %sys %iowait    %irq   %soft  %steal  %guest   %idle
12:49:38     all    0.00    0.00    0.09    0.00    0.00    0.00    0.00    0.00   99.91
12:49:38       0    0.00    0.00    1.02    0.00    0.00    0.00    0.00    0.00   98.98
12:49:38       1    0.00    0.00    0.00    0.00    0.00    0.00    0.00    0.00  100.00
12:49:38       2    0.00    0.00    0.00    0.00    0.00    0.00    0.00    0.00  100.00
12:49:38       3    0.00    0.00    0.00    0.00    0.00    0.00    0.00    0.00  100.00
12:49:38       4    0.00    0.00    0.00    0.00    0.00    0.00    0.00    0.00  100.00
12:49:38       5    0.00    0.00    0.00    0.00    0.00    0.00    0.00    0.00  100.00
12:49:38       6    0.00    0.00    0.00    0.00    0.00    0.00    0.00    0.00  100.00
12:49:38       7    0.00    0.00    0.00    0.00    0.00    0.00    0.00    0.00  100.00
12:49:38       8    0.00    0.00    0.00    0.00    0.00    0.00    0.00    0.00  100.00
12:49:38       9    0.00    0.00    0.00    0.00    0.00    0.00    0.00    0.00  100.00
12:49:38      10    0.00    0.00    0.00    0.00    0.00    0.00    0.00    0.00  100.00
12:49:38      11    0.00    0.00    0.00    0.00    0.00    0.00    0.00    0.00  100.00
12:49:38      12    0.00    0.00    0.00    0.00    0.00    0.00    0.00    0.00  100.00
12:49:38      13    0.00    0.00    0.00    0.00    0.00    0.00    0.00    0.00  100.00
12:49:38      14    0.00    0.00    0.00    0.00    0.00    0.00    0.00    0.00  100.00
12:49:38      15    0.00    0.00    0.00    0.00    0.00    0.00    0.00    0.00  100.00
12:49:38      16    0.00    0.00    1.02    0.00    0.00    0.00    0.00    0.00   98.98
12:49:38      17    0.00    0.00    0.00    0.00    0.00    0.00    0.00    0.00  100.00
12:49:38      18    0.00    0.00    0.00    0.00    0.00    0.00    0.00    0.00  100.00
12:49:38      19    0.00    0.00    0.00    0.00    0.00    0.00    0.00    0.00  100.00
12:49:38      20    0.00    0.00    0.00    0.00    0.00    0.00    0.00    0.00  100.00
12:49:38      21    0.00    0.00    0.00    0.00    0.00    0.00    0.00    0.00  100.00
12:49:38      22    0.00    0.00    0.00    0.00    0.00    0.00    0.00    0.00  100.00
12:49:38      23    0.00    0.00    0.00    0.00    0.00    0.00    0.00    0.00  100.00
12:49:38      24    0.00    0.00    0.00    0.00    0.00    0.00    0.00    0.00  100.00
12:49:38      25    0.00    0.00    0.00    0.00    0.00    0.00    0.00    0.00  100.00
12:49:38      26    0.00    0.00    0.00    0.00    0.00    0.00    0.00    0.00  100.00
12:49:38      27    0.00    0.00    0.00    0.00    0.00    0.00    0.00    0.00  100.00
12:49:38      28    0.00    0.00    0.00    0.00    0.00    0.00    0.00    0.00  100.00
12:49:38      29    0.00    0.00    0.00    0.00    0.00    0.00    0.00    0.00  100.00
12:49:38      30    0.00    0.00    0.00    0.00    0.00    0.00    0.00    0.00  100.00
12:49:38      31    0.00    0.00    0.00    0.00    0.00    0.00    0.00    0.00  100.00

12:49:38     CPU    %usr   %nice    %sys %iowait    %irq   %soft  %steal  %guest   %idle
12:49:39     all    0.00    0.00    0.06    0.00    0.00    0.00    0.00    0.00   99.94
12:49:39       0    0.00    0.00    1.02    0.00    0.00    0.00    0.00    0.00   98.98
12:49:39       1    0.00    0.00    0.00    0.00    0.00    0.00    0.00    0.00  100.00
12:49:39       2    0.00    0.00    0.00    0.00    0.00    0.00    0.00    0.00  100.00
12:49:39       3    0.00    0.00    0.00    0.00    0.00    0.00    0.00    0.00  100.00
12:49:39       4    0.00    0.00    0.00    0.00    0.00    0.00    0.00    0.00  100.00
12:49:39       5    0.00    0.00    0.00    0.00    0.00    0.00    0.00    0.00  100.00
12:49:39       6    0.00    0.00    0.00    0.00    0.00    0.00    0.00    0.00  100.00
12:49:39       7    0.00    0.00    0.00    0.00    0.00    0.00    0.00    0.00  100.00
12:49:39       8    0.00    0.00    0.00    0.00    0.00    0.00    0.00    0.00  100.00
12:49:39       9    0.00    0.00    0.00    0.00    0.00    0.00    0.00    0.00  100.00
12:49:39      10    0.00    0.00    0.00    0.00    0.00    0.00    0.00    0.00  100.00
12:49:39      11    0.00    0.00    0.00    0.00    0.00    0.00    0.00    0.00  100.00
12:49:39      12    0.00    0.00    0.00    0.00    0.00    0.00    0.00    0.00  100.00
12:49:39      13    0.00    0.00    0.00    0.00    0.00    0.00    0.00    0.00  100.00
12:49:39      14    0.00    0.00    0.00    0.00    0.00    0.00    0.00    0.00  100.00
12:49:39      15    0.00    0.00    0.00    0.00    0.00    0.00    0.00    0.00  100.00
12:49:39      16    1.01    0.00    1.01    0.00    0.00    0.00    0.00    0.00   97.98
12:49:39      17    0.00    0.00    0.00    0.00    0.00    0.00    0.00    0.00  100.00
12:49:39      18    0.00    0.00    0.99    0.00    0.00    0.00    0.00    0.00   99.01
12:49:39      19    0.00    0.00    0.00    0.00    0.00    0.00    0.00    0.00  100.00
12:49:39      20    0.00    0.00    0.00    0.00    0.00    0.00    0.00    0.00  100.00
12:49:39      21    0.00    0.00    0.00    0.00    0.00    0.00    0.00    0.00  100.00
12:49:39      22    0.00    0.00    0.00    0.00    0.00    0.00    0.00    0.00  100.00
12:49:39      23    0.00    0.00    0.00    0.00    0.00    0.00    0.00    0.00  100.00
12:49:39      24    0.00    0.00    0.00    0.00    0.00    0.00    0.00    0.00  100.00
12:49:39      25    0.00    0.00    0.00    0.00    0.00    0.00    0.00    0.00  100.00
12:49:39      26    0.00    0.00    0.00    0.00    0.00    0.00    0.00    0.00  100.00
12:49:39      27    0.00    0.00    0.00    0.00    0.00    0.00    0.00    0.00  100.00
12:49:39      28    0.00    0.00    0.00    0.00    0.00    0.00    0.00    0.00  100.00
12:49:39      29    0.00    0.00    0.00    0.00    0.00    0.00    0.00    0.00  100.00
12:49:39      30    0.00    0.00    0.00    0.00    0.00    0.00    0.00    0.00  100.00
12:49:39      31    0.00    0.00    0.00    0.00    0.00    0.00    0.00    0.00  100.00

12:49:39     CPU    %usr   %nice    %sys %iowait    %irq   %soft  %steal  %guest   %idle
12:49:40     all    0.03    0.00    0.13    0.00    0.00    0.00    0.00    0.00   99.84
12:49:40       0    0.00    0.00    1.01    0.00    0.00    0.00    0.00    0.00   98.99
12:49:40       1    0.00    0.00    0.00    0.00    0.00    0.00    0.00    0.00  100.00
12:49:40       2    0.00    0.00    0.00    0.00    0.00    0.00    0.00    0.00  100.00
12:49:40       3    0.00    0.00    0.00    0.00    0.00    0.00    0.00    0.00  100.00
12:49:40       4    0.00    0.00    0.00    0.00    0.00    0.00    0.00    0.00  100.00
12:49:40       5    0.00    0.00    0.00    0.00    0.00    0.00    0.00    0.00  100.00
12:49:40       6    0.00    0.00    0.00    0.00    0.00    0.00    0.00    0.00  100.00
12:49:40       7    0.00    0.00    0.00    0.00    0.00    0.00    0.00    0.00  100.00
12:49:40       8    0.00    0.00    0.00    0.00    0.00    0.00    0.00    0.00  100.00
12:49:40       9    0.00    0.00    0.00    0.00    0.00    0.00    0.00    0.00  100.00
12:49:40      10    0.99    0.00    0.99    0.00    0.00    0.00    0.00    0.00   98.02
12:49:40      11    0.00    0.00    0.00    0.00    0.00    0.00    0.00    0.00  100.00
12:49:40      12    0.00    0.00    0.00    0.00    0.00    0.00    0.00    0.00  100.00
12:49:40      13    0.00    0.00    0.00    0.00    0.00    0.00    0.00    0.00  100.00
12:49:40      14    0.00    0.00    0.00    0.00    0.00    0.00    0.00    0.00  100.00
12:49:40      15    0.00    0.00    0.00    0.00    0.00    0.00    0.00    0.00  100.00
12:49:40      16    0.00    0.00    1.01    0.00    0.00    0.00    0.00    0.00   98.99
12:49:40      17    0.00    0.00    0.00    0.00    0.00    0.00    0.00    0.00  100.00
12:49:40      18    0.00    0.00    0.00    0.00    0.00    0.00    0.00    0.00  100.00
12:49:40      19    0.00    0.00    0.00    0.00    0.00    0.00    0.00    0.00  100.00
12:49:40      20    0.00    0.00    0.00    0.00    0.00    0.00    0.00    0.00  100.00
12:49:40      21    0.00    0.00    0.00    0.00    0.00    0.00    0.00    0.00  100.00
12:49:40      22    0.00    0.00    0.00    0.00    0.00    0.00    0.00    0.00  100.00
12:49:40      23    0.00    0.00    0.00    0.00    0.00    0.00    0.00    0.00  100.00
12:49:40      24    0.00    0.00    0.00    0.00    0.00    0.00    0.00    0.00  100.00
12:49:40      25    0.00    0.00    0.00    0.00    0.00    0.00    0.00    0.00  100.00
12:49:40      26    0.00    0.00    0.00    0.00    0.00    0.00    0.00    0.00  100.00
12:49:40      27    0.00    0.00    0.00    0.00    0.00    0.00    0.00    0.00  100.00
12:49:40      28    0.00    0.00    0.00    0.00    0.00    0.00    0.00    0.00  100.00
12:49:40      29    0.00    0.00    0.00    0.00    0.00    0.00    0.00    0.00  100.00
12:49:40      30    0.00    0.00    0.00    0.00    0.00    0.00    0.00    0.00  100.00
12:49:40      31    0.00    0.00    0.00    0.00    0.00    0.00    0.00    0.00  100.00

12:49:40     CPU    %usr   %nice    %sys %iowait    %irq   %soft  %steal  %guest   %idle
12:49:41     all    0.03    0.00    0.03    0.00    0.00    0.00    0.00    0.00   99.94
12:49:41       0    0.00    0.00    1.02    0.00    0.00    0.00    0.00    0.00   98.98
12:49:41       1    0.00    0.00    0.00    0.00    0.00    0.00    0.00    0.00  100.00
12:49:41       2    0.00    0.00    0.00    0.00    0.00    0.00    0.00    0.00  100.00
12:49:41       3    0.00    0.00    0.00    0.00    0.00    0.00    0.00    0.00  100.00
12:49:41       4    0.00    0.00    0.00    0.00    0.00    0.00    0.00    0.00  100.00
12:49:41       5    0.00    0.00    0.00    0.00    0.00    0.00    0.00    0.00  100.00
12:49:41       6    0.00    0.00    0.00    0.00    0.00    0.00    0.00    0.00  100.00
12:49:41       7    0.00    0.00    0.00    0.00    0.00    0.00    0.00    0.00  100.00
12:49:41       8    0.00    0.00    0.00    0.00    0.00    0.00    0.00    0.00  100.00
12:49:41       9    0.00    0.00    0.00    0.00    0.00    0.00    0.00    0.00  100.00
12:49:41      10    0.00    0.00    0.00    0.00    0.00    0.00    0.00    0.00  100.00
12:49:41      11    0.00    0.00    0.00    0.00    0.00    0.00    0.00    0.00  100.00
12:49:41      12    0.00    0.00    0.00    0.00    0.00    0.00    0.00    0.00  100.00
12:49:41      13    0.00    0.00    0.00    0.00    0.00    0.00    0.00    0.00  100.00
12:49:41      14    0.00    0.00    0.00    0.00    0.00    0.00    0.00    0.00  100.00
12:49:41      15    0.00    0.00    0.00    0.00    0.00    0.00    0.00    0.00  100.00
12:49:41      16    0.00    0.00    0.00    0.00    0.00    0.00    0.00    0.00  100.00
12:49:41      17    0.00    0.00    0.00    0.00    0.00    0.00    0.00    0.00  100.00
12:49:41      18    0.00    0.00    0.00    0.00    0.00    0.00    0.00    0.00  100.00
12:49:41      19    0.00    0.00    0.00    0.00    0.00    0.00    0.00    0.00  100.00
12:49:41      20    0.00    0.00    0.00    0.00    0.00    0.00    0.00    0.00  100.00
12:49:41      21    0.00    0.00    0.00    0.00    0.00    0.00    0.00    0.00  100.00
12:49:41      22    0.00    0.00    0.00    0.00    0.00    0.00    0.00    0.00  100.00
12:49:41      23    0.00    0.00    0.00    0.00    0.00    0.00    0.00    0.00  100.00
12:49:41      24    0.00    0.00    0.00    0.00    0.00    0.00    0.00    0.00  100.00
12:49:41      25    0.00    0.00    0.00    0.00    0.00    0.00    0.00    0.00  100.00
12:49:41      26    0.00    0.00    0.00    0.00    0.00    0.00    0.00    0.00  100.00
12:49:41      27    0.00    0.00    0.00    0.00    0.00    0.00    0.00    0.00  100.00
12:49:41      28    0.00    0.00    0.99    0.00    0.00    0.00    0.00    0.00   99.01
12:49:41      29    0.00    0.00    0.00    0.00    0.00    0.00    0.00    0.00  100.00
12:49:41      30    0.00    0.00    0.00    0.00    0.00    0.00    0.00    0.00  100.00
12:49:41      31    0.00    0.00    0.00    0.00    0.00    0.00    0.00    0.00  100.00

12:49:41     CPU    %usr   %nice    %sys %iowait    %irq   %soft  %steal  %guest   %idle
12:49:42     all    0.00    0.00    0.06    0.00    0.00    0.00    0.00    0.00   99.94
12:49:42       0    0.00    0.00    1.02    0.00    0.00    0.00    0.00    0.00   98.98
12:49:42       1    0.00    0.00    0.00    0.00    0.00    0.00    0.00    0.00  100.00
12:49:42       2    0.00    0.00    0.00    0.00    0.00    0.00    0.00    0.00  100.00
12:49:42       3    0.00    0.00    0.00    0.00    0.00    0.00    0.00    0.00  100.00
12:49:42       4    0.00    0.00    0.00    0.00    0.00    0.00    0.00    0.00  100.00
12:49:42       5    0.00    0.00    0.00    0.00    0.00    0.00    0.00    0.00  100.00
12:49:42       6    0.00    0.00    0.00    0.00    0.00    0.00    0.00    0.00  100.00
12:49:42       7    0.00    0.00    0.00    0.00    0.00    0.00    0.00    0.00  100.00
12:49:42       8    0.00    0.00    0.00    0.00    0.00    0.00    0.00    0.00  100.00
12:49:42       9    0.00    0.00    0.00    0.00    0.00    0.00    0.00    0.00  100.00
12:49:42      10    0.00    0.00    0.00    0.00    0.00    0.00    0.00    0.00  100.00
12:49:42      11    0.00    0.00    0.00    0.00    0.00    0.00    0.00    0.00  100.00
12:49:42      12    0.00    0.00    0.00    0.00    0.00    0.00    0.00    0.00  100.00
12:49:42      13    0.00    0.00    0.00    0.00    0.00    0.00    0.00    0.00  100.00
12:49:42      14    0.00    0.00    0.00    0.00    0.00    0.00    0.00    0.00  100.00
12:49:42      15    0.00    0.00    0.00    0.00    0.00    0.00    0.00    0.00  100.00
12:49:42      16    0.00    0.00    1.02    0.00    0.00    0.00    0.00    0.00   98.98
12:49:42      17    0.00    0.00    0.00    0.00    0.00    0.00    0.00    0.00  100.00
12:49:42      18    0.00    0.00    0.00    0.00    0.00    0.00    0.00    0.00  100.00
12:49:42      19    0.00    0.00    0.00    0.00    0.00    0.00    0.00    0.00  100.00
12:49:42      20    0.00    0.00    0.00    0.00    0.00    0.00    0.00    0.00  100.00
12:49:42      21    0.00    0.00    0.00    0.00    0.00    0.00    0.00    0.00  100.00
12:49:42      22    0.00    0.00    0.00    0.00    0.00    0.00    0.00    0.00  100.00
12:49:42      23    0.00    0.00    0.00    0.00    0.00    0.00    0.00    0.00  100.00
12:49:42      24    0.00    0.00    0.00    0.00    0.00    0.00    0.00    0.00  100.00
12:49:42      25    0.00    0.00    0.00    0.00    0.00    0.00    0.00    0.00  100.00
12:49:42      26    0.00    0.00    0.00    0.00    0.00    0.00    0.00    0.00  100.00
12:49:42      27    0.00    0.00    0.00    0.00    0.00    0.00    0.00    0.00  100.00
12:49:42      28    0.00    0.00    0.00    0.00    0.00    0.00    0.00    0.00  100.00
12:49:42      29    0.00    0.00    0.00    0.00    0.00    0.00    0.00    0.00  100.00
12:49:42      30    0.00    0.00    0.00    0.00    0.00    0.00    0.00    0.00  100.00
12:49:42      31    0.00    0.00    0.00    0.00    0.00    0.00    0.00    0.00  100.00

12:49:42     CPU    %usr   %nice    %sys %iowait    %irq   %soft  %steal  %guest   %idle
12:49:43     all    0.00    0.00    0.09    0.00    0.00    0.00    0.00    0.00   99.91
12:49:43       0    0.00    0.00    1.02    0.00    0.00    0.00    0.00    0.00   98.98
12:49:43       1    0.00    0.00    0.00    0.00    0.00    0.00    0.00    0.00  100.00
12:49:43       2    0.00    0.00    0.00    0.00    0.00    0.00    0.00    0.00  100.00
12:49:43       3    0.00    0.00    0.00    0.00    0.00    0.00    0.00    0.00  100.00
12:49:43       4    0.00    0.00    0.00    0.00    0.00    0.00    0.00    0.00  100.00
12:49:43       5    0.00    0.00    0.00    0.00    0.00    0.00    0.00    0.00  100.00
12:49:43       6    0.00    0.00    0.00    0.00    0.00    0.00    0.00    0.00  100.00
12:49:43       7    0.00    0.00    0.00    0.00    0.00    0.00    0.00    0.00  100.00
12:49:43       8    0.00    0.00    0.00    0.00    0.00    0.00    0.00    0.00  100.00
12:49:43       9    0.00    0.00    0.00    0.00    0.00    0.00    0.00    0.00  100.00
12:49:43      10    0.00    0.00    0.00    0.00    0.00    0.00    0.00    0.00  100.00
12:49:43      11    0.00    0.00    0.00    0.00    0.00    0.00    0.00    0.00  100.00
12:49:43      12    0.00    0.00    0.00    0.00    0.00    0.00    0.00    0.00  100.00
12:49:43      13    0.00    0.00    0.00    0.00    0.00    0.00    0.00    0.00  100.00
12:49:43      14    0.00    0.00    0.00    0.00    0.00    0.00    0.00    0.00  100.00
12:49:43      15    0.00    0.00    0.00    0.00    0.00    0.00    0.00    0.00  100.00
12:49:43      16    0.00    0.00    2.02    0.00    0.00    0.00    0.00    0.00   97.98
12:49:43      17    0.00    0.00    0.00    0.00    0.00    0.00    0.00    0.00  100.00
12:49:43      18    0.00    0.00    0.00    0.00    0.00    0.00    0.00    0.00  100.00
12:49:43      19    0.00    0.00    0.00    0.00    0.00    0.00    0.00    0.00  100.00
12:49:43      20    0.00    0.00    0.00    0.00    0.00    0.00    0.00    0.00  100.00
12:49:43      21    0.00    0.00    0.00    0.00    0.00    0.00    0.00    0.00  100.00
12:49:43      22    0.00    0.00    0.00    0.00    0.00    0.00    0.00    0.00  100.00
12:49:43      23    0.00    0.00    0.00    0.00    0.00    0.00    0.00    0.00  100.00
12:49:43      24    0.00    0.00    0.00    0.00    0.00    0.00    0.00    0.00  100.00
12:49:43      25    0.00    0.00    0.00    0.00    0.00    0.00    0.00    0.00  100.00
12:49:43      26    0.00    0.00    0.00    0.00    0.00    0.00    0.00    0.00  100.00
12:49:43      27    0.00    0.00    0.00    0.00    0.00    0.00    0.00    0.00  100.00
12:49:43      28    0.00    0.00    0.00    0.00    0.00    0.00    0.00    0.00  100.00
12:49:43      29    0.00    0.00    0.00    0.00    0.00    0.00    0.00    0.00  100.00
12:49:43      30    0.00    0.00    0.00    0.00    0.00    0.00    0.00    0.00  100.00
12:49:43      31    0.00    0.00    0.00    0.00    0.00    0.00    0.00    0.00  100.00

12:49:43     CPU    %usr   %nice    %sys %iowait    %irq   %soft  %steal  %guest   %idle
12:49:44     all    0.03    0.00    0.09    0.00    0.00    0.00    0.00    0.00   99.87
12:49:44       0    0.00    0.00    1.02    0.00    0.00    0.00    0.00    0.00   98.98
12:49:44       1    0.00    0.00    0.00    0.00    0.00    0.00    0.00    0.00  100.00
12:49:44       2    0.00    0.00    0.00    0.00    0.00    0.00    0.00    0.00  100.00
12:49:44       3    0.00    0.00    0.00    0.00    0.00    0.00    0.00    0.00  100.00
12:49:44       4    0.00    0.00    0.00    0.00    0.00    0.00    0.00    0.00  100.00
12:49:44       5    0.00    0.00    0.00    0.00    0.00    0.00    0.00    0.00  100.00
12:49:44       6    0.00    0.00    0.00    0.00    0.00    0.00    0.00    0.00  100.00
12:49:44       7    0.00    0.00    0.00    0.00    0.00    0.00    0.00    0.00  100.00
12:49:44       8    0.00    0.00    0.00    0.00    0.00    0.00    0.00    0.00  100.00
12:49:44       9    0.00    0.00    0.00    0.00    0.00    0.00    0.00    0.00  100.00
12:49:44      10    0.00    0.00    0.00    0.00    0.00    0.00    0.00    0.00  100.00
12:49:44      11    0.00    0.00    0.00    0.00    0.00    0.00    0.00    0.00  100.00
12:49:44      12    0.00    0.00    0.00    0.00    0.00    0.00    0.00    0.00  100.00
12:49:44      13    0.00    0.00    0.00    0.00    0.00    0.00    0.00    0.00  100.00
12:49:44      14    0.00    0.00    0.00    0.00    0.00    0.00    0.00    0.00  100.00
12:49:44      15    0.00    0.00    0.00    0.00    0.00    0.00    0.00    0.00  100.00
12:49:44      16    0.00    0.00    1.01    0.00    0.00    0.00    0.00    0.00   98.99
12:49:44      17    0.00    0.00    0.00    0.00    0.00    0.00    0.00    0.00  100.00
12:49:44      18    0.00    0.00    0.00    0.00    0.00    0.00    0.00    0.00  100.00
12:49:44      19    0.00    0.00    0.00    0.00    0.00    0.00    0.00    0.00  100.00
12:49:44      20    0.00    0.00    0.00    0.00    0.00    0.00    0.00    0.00  100.00
12:49:44      21    0.00    0.00    0.00    0.00    0.00    0.00    0.00    0.00  100.00
12:49:44      22    0.00    0.00    0.00    0.00    0.00    0.00    0.00    0.00  100.00
12:49:44      23    0.00    0.00    0.00    0.00    0.00    0.00    0.00    0.00  100.00
12:49:44      24    0.00    0.00    0.00    0.00    0.00    0.00    0.00    0.00  100.00
12:49:44      25    0.00    0.00    0.00    0.00    0.00    0.00    0.00    0.00  100.00
12:49:44      26    0.00    0.00    0.00    0.00    0.00    0.00    0.00    0.00  100.00
12:49:44      27    0.00    0.00    0.00    0.00    0.00    0.00    0.00    0.00  100.00
12:49:44      28    0.00    0.00    0.00    0.00    0.00    0.00    0.00    0.00  100.00
12:49:44      29    0.00    0.00    0.00    0.00    0.00    0.00    0.00    0.00  100.00
12:49:44      30    0.00    0.00    0.00    0.00    0.00    0.00    0.00    0.00  100.00
12:49:44      31    0.00    0.00    0.00    0.00    0.00    0.00    0.00    0.00  100.00

12:49:44     CPU    %usr   %nice    %sys %iowait    %irq   %soft  %steal  %guest   %idle
12:49:45     all    0.00    0.00    0.06    0.00    0.00    0.00    0.00    0.00   99.94
12:49:45       0    0.00    0.00    1.02    0.00    0.00    0.00    0.00    0.00   98.98
12:49:45       1    0.00    0.00    0.00    0.00    0.00    0.00    0.00    0.00  100.00
12:49:45       2    0.00    0.00    0.00    0.00    0.00    0.00    0.00    0.00  100.00
12:49:45       3    0.00    0.00    0.00    0.00    0.00    0.00    0.00    0.00  100.00
12:49:45       4    0.00    0.00    0.00    0.00    0.00    0.00    0.00    0.00  100.00
12:49:45       5    0.00    0.00    0.00    0.00    0.00    0.00    0.00    0.00  100.00
12:49:45       6    0.00    0.00    0.00    0.00    0.00    0.00    0.00    0.00  100.00
12:49:45       7    0.00    0.00    0.00    0.00    0.00    0.00    0.00    0.00  100.00
12:49:45       8    0.00    0.00    0.00    0.00    0.00    0.00    0.00    0.00  100.00
12:49:45       9    0.00    0.00    0.00    0.00    0.00    0.00    0.00    0.00  100.00
12:49:45      10    0.00    0.00    0.00    0.00    0.00    0.00    0.00    0.00  100.00
12:49:45      11    0.00    0.00    0.00    0.00    0.00    0.00    0.00    0.00  100.00
12:49:45      12    0.00    0.00    0.00    0.00    0.00    0.00    0.00    0.00  100.00
12:49:45      13    0.00    0.00    0.00    0.00    0.00    0.00    0.00    0.00  100.00
12:49:45      14    0.00    0.00    0.00    0.00    0.00    0.00    0.00    0.00  100.00
12:49:45      15    0.00    0.00    0.00    0.00    0.00    0.00    0.00    0.00  100.00
12:49:45      16    1.01    0.00    1.01    0.00    0.00    0.00    0.00    0.00   97.98
12:49:45      17    0.00    0.00    0.00    0.00    0.00    0.00    0.00    0.00  100.00
12:49:45      18    0.00    0.00    0.00    0.00    0.00    0.00    0.00    0.00  100.00
12:49:45      19    0.00    0.00    0.00    0.00    0.00    0.00    0.00    0.00  100.00
12:49:45      20    0.00    0.00    0.00    0.00    0.00    0.00    0.00    0.00  100.00
12:49:45      21    0.00    0.00    0.00    0.00    0.00    0.00    0.00    0.00  100.00
12:49:45      22    0.00    0.00    0.00    0.00    0.00    0.00    0.00    0.00  100.00
12:49:45      23    0.00    0.00    0.00    0.00    0.00    0.00    0.00    0.00  100.00
12:49:45      24    0.00    0.00    0.00    0.00    0.00    0.00    0.00    0.00  100.00
12:49:45      25    0.00    0.00    0.00    0.00    0.00    0.00    0.00    0.00  100.00
12:49:45      26    0.00    0.00    0.00    0.00    0.00    0.00    0.00    0.00  100.00
12:49:45      27    0.00    0.00    0.00    0.00    0.00    0.00    0.00    0.00  100.00
12:49:45      28    0.00    0.00    0.00    0.00    0.00    0.00    0.00    0.00  100.00
12:49:45      29    0.00    0.00    0.00    0.00    0.00    0.00    0.00    0.00  100.00
12:49:45      30    0.00    0.00    0.00    0.00    0.00    0.00    0.00    0.00  100.00
12:49:45      31    0.00    0.00    0.00    0.00    0.00    0.00    0.00    0.00  100.00

12:49:45     CPU    %usr   %nice    %sys %iowait    %irq   %soft  %steal  %guest   %idle
12:49:46     all    0.00    0.00    0.09    0.00    0.00    0.00    0.00    0.00   99.91
12:49:46       0    0.00    0.00    1.01    0.00    0.00    0.00    0.00    0.00   98.99
12:49:46       1    0.00    0.00    0.00    0.00    0.00    0.00    0.00    0.00  100.00
12:49:46       2    0.00    0.00    0.00    0.00    0.00    0.00    0.00    0.00  100.00
12:49:46       3    0.00    0.00    0.00    0.00    0.00    0.00    0.00    0.00  100.00
12:49:46       4    0.00    0.00    0.00    0.00    0.00    0.00    0.00    0.00  100.00
12:49:46       5    0.00    0.00    0.00    0.00    0.00    0.00    0.00    0.00  100.00
12:49:46       6    0.00    0.00    0.00    0.00    0.00    0.00    0.00    0.00  100.00
12:49:46       7    0.00    0.00    0.00    0.00    0.00    0.00    0.00    0.00  100.00
12:49:46       8    0.00    0.00    0.00    0.00    0.00    0.00    0.00    0.00  100.00
12:49:46       9    0.00    0.00    0.00    0.00    0.00    0.00    0.00    0.00  100.00
12:49:46      10    0.00    0.00    0.00    0.00    0.00    0.00    0.00    0.00  100.00
12:49:46      11    0.00    0.00    0.00    0.00    0.00    0.00    0.00    0.00  100.00
12:49:46      12    0.00    0.00    0.00    0.00    0.00    0.00    0.00    0.00  100.00
12:49:46      13    0.00    0.00    0.00    0.00    0.00    0.00    0.00    0.00  100.00
12:49:46      14    0.00    0.00    0.00    0.00    0.00    0.00    0.00    0.00  100.00
12:49:46      15    0.00    0.00    0.00    0.00    0.00    0.00    0.00    0.00  100.00
12:49:46      16    0.00    0.00    1.02    0.00    0.00    0.00    0.00    0.00   98.98
12:49:46      17    0.00    0.00    0.00    0.00    0.00    0.00    0.00    0.00  100.00
12:49:46      18    0.00    0.00    0.00    0.00    0.00    0.00    0.00    0.00  100.00
12:49:46      19    0.00    0.00    0.00    0.00    0.00    0.00    0.00    0.00  100.00
12:49:46      20    0.00    0.00    0.00    0.00    0.00    0.00    0.00    0.00  100.00
12:49:46      21    0.00    0.00    0.00    0.00    0.00    0.00    0.00    0.00  100.00
12:49:46      22    0.00    0.00    0.00    0.00    0.00    0.00    0.00    0.00  100.00
12:49:46      23    0.00    0.00    0.00    0.00    0.00    0.00    0.00    0.00  100.00
12:49:46      24    0.00    0.00    0.00    0.00    0.00    0.00    0.00    0.00  100.00
12:49:46      25    0.00    0.00    0.00    0.00    0.00    0.00    0.00    0.00  100.00
12:49:46      26    0.00    0.00    0.00    0.00    0.00    0.00    0.00    0.00  100.00
12:49:46      27    0.00    0.00    0.00    0.00    0.00    0.00    0.00    0.00  100.00
12:49:46      28    0.00    0.00    0.00    0.00    0.00    0.00    0.00    0.00  100.00
12:49:46      29    0.00    0.00    0.00    0.00    0.00    0.00    0.00    0.00  100.00
12:49:46      30    0.00    0.00    0.00    0.00    0.00    0.00    0.00    0.00  100.00
12:49:46      31    0.00    0.00    0.00    0.00    0.00    0.00    0.00    0.00  100.00

12:49:46     CPU    %usr   %nice    %sys %iowait    %irq   %soft  %steal  %guest   %idle
12:49:47     all    0.03    0.00    0.06    0.00    0.00    0.00    0.00    0.00   99.91
12:49:47       0    0.00    0.00    1.02    0.00    0.00    0.00    0.00    0.00   98.98
12:49:47       1    0.00    0.00    0.00    0.00    0.00    0.00    0.00    0.00  100.00
12:49:47       2    0.00    0.00    0.00    0.00    0.00    0.00    0.00    0.00  100.00
12:49:47       3    0.00    0.00    0.00    0.00    0.00    0.00    0.00    0.00  100.00
12:49:47       4    0.00    0.00    0.00    0.00    0.00    0.00    0.00    0.00  100.00
12:49:47       5    0.00    0.00    0.00    0.00    0.00    0.00    0.00    0.00  100.00
12:49:47       6    0.00    0.00    0.00    0.00    0.00    0.00    0.00    0.00  100.00
12:49:47       7    0.00    0.00    0.00    0.00    0.00    0.00    0.00    0.00  100.00
12:49:47       8    0.00    0.00    0.00    0.00    0.00    0.00    0.00    0.00  100.00
12:49:47       9    0.00    0.00    0.99    0.00    0.00    0.00    0.00    0.00   99.01
12:49:47      10    0.00    0.00    0.00    0.00    0.00    0.00    0.00    0.00  100.00
12:49:47      11    0.00    0.00    0.00    0.00    0.00    0.00    0.00    0.00  100.00
12:49:47      12    0.00    0.00    0.00    0.00    0.00    0.00    0.00    0.00  100.00
12:49:47      13    0.00    0.00    0.00    0.00    0.00    0.00    0.00    0.00  100.00
12:49:47      14    0.00    0.00    0.00    0.00    0.00    0.00    0.00    0.00  100.00
12:49:47      15    0.00    0.00    0.00    0.00    0.00    0.00    0.00    0.00  100.00
12:49:47      16    0.00    0.00    1.02    0.00    0.00    0.00    0.00    0.00   98.98
12:49:47      17    0.00    0.00    0.00    0.00    0.00    0.00    0.00    0.00  100.00
12:49:47      18    0.00    0.00    0.00    0.00    0.00    0.00    0.00    0.00  100.00
12:49:47      19    0.00    0.00    0.00    0.00    0.00    0.00    0.00    0.00  100.00
12:49:47      20    0.00    0.00    0.00    0.00    0.00    0.00    0.00    0.00  100.00
12:49:47      21    0.00    0.00    0.00    0.00    0.00    0.00    0.00    0.00  100.00
12:49:47      22    0.00    0.00    0.00    0.00    0.00    0.00    0.00    0.00  100.00
12:49:47      23    0.00    0.00    0.00    0.00    0.00    0.00    0.00    0.00  100.00
12:49:47      24    0.00    0.00    0.00    0.00    0.00    0.00    0.00    0.00  100.00
12:49:47      25    0.00    0.00    0.00    0.00    0.00    0.00    0.00    0.00  100.00
12:49:47      26    0.00    0.00    0.00    0.00    0.00    0.00    0.00    0.00  100.00
12:49:47      27    0.00    0.00    0.00    0.00    0.00    0.00    0.00    0.00  100.00
12:49:47      28    0.00    0.00    0.00    0.00    0.00    0.00    0.00    0.00  100.00
12:49:47      29    0.00    0.00    0.00    0.00    0.00    0.00    0.00    0.00  100.00
12:49:47      30    0.00    0.00    0.00    0.00    0.00    0.00    0.00    0.00  100.00
12:49:47      31    0.00    0.00    0.00    0.00    0.00    0.00    0.00    0.00  100.00

12:49:47     CPU    %usr   %nice    %sys %iowait    %irq   %soft  %steal  %guest   %idle
12:49:48     all    0.00    0.00    0.03    0.00    0.00    0.00    0.00    0.00   99.97
12:49:48       0    0.00    0.00    1.02    0.00    0.00    0.00    0.00    0.00   98.98
12:49:48       1    0.00    0.00    0.00    0.00    0.00    0.00    0.00    0.00  100.00
12:49:48       2    0.00    0.00    0.00    0.00    0.00    0.00    0.00    0.00  100.00
12:49:48       3    0.00    0.00    0.00    0.00    0.00    0.00    0.00    0.00  100.00
12:49:48       4    0.00    0.00    0.00    0.00    0.00    0.00    0.00    0.00  100.00
12:49:48       5    0.00    0.00    0.00    0.00    0.00    0.00    0.00    0.00  100.00
12:49:48       6    0.00    0.00    0.00    0.00    0.00    0.00    0.00    0.00  100.00
12:49:48       7    0.00    0.00    0.00    0.00    0.00    0.00    0.00    0.00  100.00
12:49:48       8    0.00    0.00    0.00    0.00    0.00    0.00    0.00    0.00  100.00
12:49:48       9    0.00    0.00    0.00    0.00    0.00    0.00    0.00    0.00  100.00
12:49:48      10    0.00    0.00    0.00    0.00    0.00    0.00    0.00    0.00  100.00
12:49:48      11    0.00    0.00    0.00    0.00    0.00    0.00    0.00    0.00  100.00
12:49:48      12    0.00    0.00    0.00    0.00    0.00    0.00    0.00    0.00  100.00
12:49:48      13    0.00    0.00    0.00    0.00    0.00    0.00    0.00    0.00  100.00
12:49:48      14    0.00    0.00    0.00    0.00    0.00    0.00    0.00    0.00  100.00
12:49:48      15    0.00    0.00    0.00    0.00    0.00    0.00    0.00    0.00  100.00
12:49:48      16    0.00    0.00    0.00    0.00    0.00    0.00    0.00    0.00  100.00
12:49:48      17    0.00    0.00    0.00    0.00    0.00    0.00    0.00    0.00  100.00
12:49:48      18    0.00    0.00    0.00    0.00    0.00    0.00    0.00    0.00  100.00
12:49:48      19    0.00    0.00    0.00    0.00    0.00    0.00    0.00    0.00  100.00
12:49:48      20    0.00    0.00    0.00    0.00    0.00    0.00    0.00    0.00  100.00
12:49:48      21    0.00    0.00    0.00    0.00    0.00    0.00    0.00    0.00  100.00
12:49:48      22    0.00    0.00    0.00    0.00    0.00    0.00    0.00    0.00  100.00
12:49:48      23    0.00    0.00    0.00    0.00    0.00    0.00    0.00    0.00  100.00
12:49:48      24    0.00    0.00    0.00    0.00    0.00    0.00    0.00    0.00  100.00
12:49:48      25    0.00    0.00    0.00    0.00    0.00    0.00    0.00    0.00  100.00
12:49:48      26    0.00    0.00    0.00    0.00    0.00    0.00    0.00    0.00  100.00
12:49:48      27    0.00    0.00    0.00    0.00    0.00    0.00    0.00    0.00  100.00
12:49:48      28    0.00    0.00    0.00    0.00    0.00    0.00    0.00    0.00  100.00
12:49:48      29    0.00    0.00    0.00    0.00    0.00    0.00    0.00    0.00  100.00
12:49:48      30    0.00    0.00    0.00    0.00    0.00    0.00    0.00    0.00  100.00
12:49:48      31    0.00    0.00    0.00    0.00    0.00    0.00    0.00    0.00  100.00

12:49:48     CPU    %usr   %nice    %sys %iowait    %irq   %soft  %steal  %guest   %idle
12:49:49     all    0.00    0.00    0.09    0.00    0.00    0.00    0.00    0.00   99.91
12:49:49       0    0.00    0.00    1.02    0.00    0.00    0.00    0.00    0.00   98.98
12:49:49       1    0.00    0.00    0.00    0.00    0.00    0.00    0.00    0.00  100.00
12:49:49       2    0.00    0.00    0.00    0.00    0.00    0.00    0.00    0.00  100.00
12:49:49       3    0.00    0.00    0.00    0.00    0.00    0.00    0.00    0.00  100.00
12:49:49       4    0.00    0.00    0.00    0.00    0.00    0.00    0.00    0.00  100.00
12:49:49       5    0.00    0.00    0.00    0.00    0.00    0.00    0.00    0.00  100.00
12:49:49       6    0.00    0.00    0.00    0.00    0.00    0.00    0.00    0.00  100.00
12:49:49       7    0.00    0.00    0.00    0.00    0.00    0.00    0.00    0.00  100.00
12:49:49       8    0.00    0.00    0.00    0.00    0.00    0.00    0.00    0.00  100.00
12:49:49       9    0.00    0.00    0.00    0.00    0.00    0.00    0.00    0.00  100.00
12:49:49      10    0.00    0.00    0.00    0.00    0.00    0.00    0.00    0.00  100.00
12:49:49      11    0.00    0.00    0.00    0.00    0.00    0.00    0.00    0.00  100.00
12:49:49      12    0.00    0.00    0.00    0.00    0.00    0.00    0.00    0.00  100.00
12:49:49      13    0.00    0.00    0.00    0.00    0.00    0.00    0.00    0.00  100.00
12:49:49      14    0.00    0.00    0.00    0.00    0.00    0.00    0.00    0.00  100.00
12:49:49      15    0.00    0.00    0.00    0.00    0.00    0.00    0.00    0.00  100.00
12:49:49      16    0.00    0.00    1.02    0.00    0.00    0.00    0.00    0.00   98.98
12:49:49      17    0.00    0.00    0.00    0.00    0.00    0.00    0.00    0.00  100.00
12:49:49      18    0.00    0.00    0.99    0.00    0.00    0.00    0.00    0.00   99.01
12:49:49      19    0.00    0.00    0.00    0.00    0.00    0.00    0.00    0.00  100.00
12:49:49      20    0.00    0.00    0.00    0.00    0.00    0.00    0.00    0.00  100.00
12:49:49      21    0.00    0.00    0.00    0.00    0.00    0.00    0.00    0.00  100.00
12:49:49      22    0.00    0.00    0.00    0.00    0.00    0.00    0.00    0.00  100.00
12:49:49      23    0.00    0.00    0.00    0.00    0.00    0.00    0.00    0.00  100.00
12:49:49      24    0.00    0.00    0.00    0.00    0.00    0.00    0.00    0.00  100.00
12:49:49      25    0.00    0.00    0.00    0.00    0.00    0.00    0.00    0.00  100.00
12:49:49      26    0.00    0.00    0.00    0.00    0.00    0.00    0.00    0.00  100.00
12:49:49      27    0.00    0.00    0.00    0.00    0.00    0.00    0.00    0.00  100.00
12:49:49      28    1.00    0.00    0.00    0.00    0.00    0.00    0.00    0.00   99.00
12:49:49      29    0.00    0.00    0.00    0.00    0.00    0.00    0.00    0.00  100.00
12:49:49      30    0.00    0.00    0.00    0.00    0.00    0.00    0.00    0.00  100.00
12:49:49      31    0.00    0.00    0.00    0.00    0.00    0.00    0.00    0.00  100.00

12:49:49     CPU    %usr   %nice    %sys %iowait    %irq   %soft  %steal  %guest   %idle
12:49:50     all    0.00    0.00    0.06    0.00    0.00    0.00    0.00    0.00   99.94
12:49:50       0    0.00    0.00    1.02    0.00    0.00    0.00    0.00    0.00   98.98
12:49:50       1    0.00    0.00    0.00    0.00    0.00    0.00    0.00    0.00  100.00
12:49:50       2    0.00    0.00    0.00    0.00    0.00    0.00    0.00    0.00  100.00
12:49:50       3    0.00    0.00    0.00    0.00    0.00    0.00    0.00    0.00  100.00
12:49:50       4    0.00    0.00    0.00    0.00    0.00    0.00    0.00    0.00  100.00
12:49:50       5    0.00    0.00    0.00    0.00    0.00    0.00    0.00    0.00  100.00
12:49:50       6    0.00    0.00    0.00    0.00    0.00    0.00    0.00    0.00  100.00
12:49:50       7    0.00    0.00    0.00    0.00    0.00    0.00    0.00    0.00  100.00
12:49:50       8    0.00    0.00    0.99    0.00    0.00    0.00    0.00    0.00   99.01
12:49:50       9    0.00    0.00    0.00    0.00    0.00    0.00    0.00    0.00  100.00
12:49:50      10    0.00    0.00    0.00    0.00    0.00    0.00    0.00    0.00  100.00
12:49:50      11    0.00    0.00    0.00    0.00    0.00    0.00    0.00    0.00  100.00
12:49:50      12    0.00    0.00    0.00    0.00    0.00    0.00    0.00    0.00  100.00
12:49:50      13    0.00    0.00    0.00    0.00    0.00    0.00    0.00    0.00  100.00
12:49:50      14    0.00    0.00    0.00    0.00    0.00    0.00    0.00    0.00  100.00
12:49:50      15    0.00    0.00    0.00    0.00    0.00    0.00    0.00    0.00  100.00
12:49:50      16    0.00    0.00    1.02    0.00    0.00    0.00    0.00    0.00   98.98
12:49:50      17    0.00    0.00    0.00    0.00    0.00    0.00    0.00    0.00  100.00
12:49:50      18    0.00    0.00    0.00    0.00    0.00    0.00    0.00    0.00  100.00
12:49:50      19    0.00    0.00    0.00    0.00    0.00    0.00    0.00    0.00  100.00
12:49:50      20    0.00    0.00    0.00    0.00    0.00    0.00    0.00    0.00  100.00
12:49:50      21    0.00    0.00    0.00    0.00    0.00    0.00    0.00    0.00  100.00
12:49:50      22    0.00    0.00    0.00    0.00    0.00    0.00    0.00    0.00  100.00
12:49:50      23    0.00    0.00    0.00    0.00    0.00    0.00    0.00    0.00  100.00
12:49:50      24    0.00    0.00    0.00    0.00    0.00    0.00    0.00    0.00  100.00
12:49:50      25    0.00    0.00    0.00    0.00    0.00    0.00    0.00    0.00  100.00
12:49:50      26    0.00    0.00    0.00    0.00    0.00    0.00    0.00    0.00  100.00
12:49:50      27    0.00    0.00    0.00    0.00    0.00    0.00    0.00    0.00  100.00
12:49:50      28    0.00    0.00    0.00    0.00    0.00    0.00    0.00    0.00  100.00
12:49:50      29    0.00    0.00    0.00    0.00    0.00    0.00    0.00    0.00  100.00
12:49:50      30    0.00    0.00    0.00    0.00    0.00    0.00    0.00    0.00  100.00
12:49:50      31    0.00    0.00    0.00    0.00    0.00    0.00    0.00    0.00  100.00

12:49:50     CPU    %usr   %nice    %sys %iowait    %irq   %soft  %steal  %guest   %idle
12:49:51     all    0.03    0.00    0.09    0.00    0.00    0.00    0.00    0.00   99.87
12:49:51       0    0.00    0.00    1.01    0.00    0.00    0.00    0.00    0.00   98.99
12:49:51       1    0.00    0.00    0.00    0.00    0.00    0.00    0.00    0.00  100.00
12:49:51       2    0.00    0.00    0.00    0.00    0.00    0.00    0.00    0.00  100.00
12:49:51       3    0.00    0.00    0.00    0.00    0.00    0.00    0.00    0.00  100.00
12:49:51       4    0.00    0.00    0.00    0.00    0.00    0.00    0.00    0.00  100.00
12:49:51       5    0.00    0.00    0.00    0.00    0.00    0.00    0.00    0.00  100.00
12:49:51       6    0.00    0.00    0.00    0.00    0.00    0.00    0.00    0.00  100.00
12:49:51       7    0.00    0.00    0.00    0.00    0.00    0.00    0.00    0.00  100.00
12:49:51       8    0.00    0.00    0.00    0.00    0.00    0.00    0.00    0.00  100.00
12:49:51       9    0.00    0.00    0.00    0.00    0.00    0.00    0.00    0.00  100.00
12:49:51      10    0.00    0.00    0.00    0.00    0.00    0.00    0.00    0.00  100.00
12:49:51      11    0.00    0.00    0.00    0.00    0.00    0.00    0.00    0.00  100.00
12:49:51      12    0.00    0.00    0.00    0.00    0.00    0.00    0.00    0.00  100.00
12:49:51      13    0.00    0.00    0.00    0.00    0.00    0.00    0.00    0.00  100.00
12:49:51      14    0.00    0.00    0.00    0.00    0.00    0.00    0.00    0.00  100.00
12:49:51      15    0.00    0.00    0.00    0.00    0.00    0.00    0.00    0.00  100.00
12:49:51      16    1.01    0.00    1.01    0.00    0.00    0.00    0.00    0.00   97.98
12:49:51      17    0.00    0.00    0.00    0.00    0.00    0.00    0.00    0.00  100.00
12:49:51      18    0.00    0.00    0.00    0.00    0.00    0.00    0.00    0.00  100.00
12:49:51      19    0.00    0.00    0.00    0.00    0.00    0.00    0.00    0.00  100.00
12:49:51      20    0.00    0.00    0.00    0.00    0.00    0.00    0.00    0.00  100.00
12:49:51      21    0.00    0.00    0.00    0.00    0.00    0.00    0.00    0.00  100.00
12:49:51      22    0.00    0.00    0.00    0.00    0.00    0.00    0.00    0.00  100.00
12:49:51      23    0.00    0.00    0.00    0.00    0.00    0.00    0.00    0.00  100.00
12:49:51      24    0.00    0.00    0.00    0.00    0.00    0.00    0.00    0.00  100.00
12:49:51      25    0.00    0.00    0.00    0.00    0.00    0.00    0.00    0.00  100.00
12:49:51      26    0.00    0.00    0.00    0.00    0.00    0.00    0.00    0.00  100.00
12:49:51      27    0.00    0.00    0.00    0.00    0.00    0.00    0.00    0.00  100.00
12:49:51      28    0.00    0.00    0.00    0.00    0.00    0.00    0.00    0.00  100.00
12:49:51      29    0.00    0.00    0.00    0.00    0.00    0.00    0.00    0.00  100.00
12:49:51      30    0.00    0.00    0.00    0.00    0.00    0.00    0.00    0.00  100.00
12:49:51      31    0.00    0.00    0.00    0.00    0.00    0.00    0.00    0.00  100.00

12:49:51     CPU    %usr   %nice    %sys %iowait    %irq   %soft  %steal  %guest   %idle
12:49:52     all    0.00    0.00    0.09    0.00    0.00    0.00    0.00    0.00   99.91
12:49:52       0    0.00    0.00    0.00    0.00    0.00    0.00    0.00    0.00  100.00
12:49:52       1    0.00    0.00    0.00    0.00    0.00    0.00    0.00    0.00  100.00
12:49:52       2    0.00    0.00    0.00    0.00    0.00    0.00    0.00    0.00  100.00
12:49:52       3    0.00    0.00    0.00    0.00    0.00    0.00    0.00    0.00  100.00
12:49:52       4    0.00    0.00    0.00    0.00    0.00    0.00    0.00    0.00  100.00
12:49:52       5    0.00    0.00    0.00    0.00    0.00    0.00    0.00    0.00  100.00
12:49:52       6    0.00    0.00    0.00    0.00    0.00    0.00    0.00    0.00  100.00
12:49:52       7    0.00    0.00    0.00    0.00    0.00    0.00    0.00    0.00  100.00
12:49:52       8    0.00    0.00    0.00    0.00    0.00    0.00    0.00    0.00  100.00
12:49:52       9    0.00    0.00    0.00    0.00    0.00    0.00    0.00    0.00  100.00
12:49:52      10    0.00    0.00    0.00    0.00    0.00    0.00    0.00    0.00  100.00
12:49:52      11    0.00    0.00    0.00    0.00    0.00    0.00    0.00    0.00  100.00
12:49:52      12    0.00    0.00    0.00    0.00    0.00    0.00    0.00    0.00  100.00
12:49:52      13    0.00    0.00    0.00    0.00    0.00    0.00    0.00    0.00  100.00
12:49:52      14    0.00    0.00    0.00    0.00    0.00    0.00    0.00    0.00  100.00
12:49:52      15    0.00    0.00    0.00    0.00    0.00    0.00    0.00    0.00  100.00
12:49:52      16    0.00    0.00    3.00    0.00    0.00    0.00    0.00    0.00   97.00
12:49:52      17    0.00    0.00    0.00    0.00    0.00    0.00    0.00    0.00  100.00
12:49:52      18    0.00    0.00    0.00    0.00    0.00    0.00    0.00    0.00  100.00
12:49:52      19    0.00    0.00    0.00    0.00    0.00    0.00    0.00    0.00  100.00
12:49:52      20    0.00    0.00    0.00    0.00    0.00    0.00    0.00    0.00  100.00
12:49:52      21    0.00    0.00    0.00    0.00    0.00    0.00    0.00    0.00  100.00
12:49:52      22    0.00    0.00    0.00    0.00    0.00    0.00    0.00    0.00  100.00
12:49:52      23    0.00    0.00    0.00    0.00    0.00    0.00    0.00    0.00  100.00
12:49:52      24    0.00    0.00    0.00    0.00    0.00    0.00    0.00    0.00  100.00
12:49:52      25    0.00    0.00    0.00    0.00    0.00    0.00    0.00    0.00  100.00
12:49:52      26    0.00    0.00    0.00    0.00    0.00    0.00    0.00    0.00  100.00
12:49:52      27    0.00    0.00    0.00    0.00    0.00    0.00    0.00    0.00  100.00
12:49:52      28    0.00    0.00    0.99    0.00    0.00    0.00    0.00    0.00   99.01
12:49:52      29    0.00    0.00    0.00    0.00    0.00    0.00    0.00    0.00  100.00
12:49:52      30    0.00    0.00    0.00    0.00    0.00    0.00    0.00    0.00  100.00
12:49:52      31    0.00    0.00    0.00    0.00    0.00    0.00    0.00    0.00  100.00

12:49:52     CPU    %usr   %nice    %sys %iowait    %irq   %soft  %steal  %guest   %idle
12:49:53     all    0.00    0.00    0.09    0.00    0.00    0.03    0.00    0.00   99.87
12:49:53       0    0.00    0.00    1.03    0.00    0.00    0.00    0.00    0.00   98.97
12:49:53       1    0.00    0.00    0.00    0.00    0.00    0.00    0.00    0.00  100.00
12:49:53       2    0.00    0.00    0.00    0.00    0.00    0.00    0.00    0.00  100.00
12:49:53       3    0.00    0.00    0.00    0.00    0.00    0.00    0.00    0.00  100.00
12:49:53       4    0.00    0.00    0.00    0.00    0.00    0.00    0.00    0.00  100.00
12:49:53       5    0.00    0.00    0.00    0.00    0.00    0.00    0.00    0.00  100.00
12:49:53       6    0.00    0.00    0.00    0.00    0.00    0.00    0.00    0.00  100.00
12:49:53       7    0.00    0.00    0.00    0.00    0.00    0.00    0.00    0.00  100.00
12:49:53       8    0.00    0.00    0.00    0.00    0.00    0.00    0.00    0.00  100.00
12:49:53       9    0.00    0.00    0.00    0.00    0.00    0.00    0.00    0.00  100.00
12:49:53      10    0.00    0.00    1.00    0.00    0.00    0.00    0.00    0.00   99.00
12:49:53      11    0.00    0.00    0.00    0.00    0.00    0.00    0.00    0.00  100.00
12:49:53      12    0.00    0.00    0.00    0.00    0.00    0.00    0.00    0.00  100.00
12:49:53      13    0.00    0.00    0.00    0.00    0.00    0.00    0.00    0.00  100.00
12:49:53      14    0.00    0.00    0.00    0.00    0.00    0.00    0.00    0.00  100.00
12:49:53      15    0.00    0.00    0.00    0.00    0.00    0.00    0.00    0.00  100.00
12:49:53      16    0.00    0.00    1.00    0.00    0.00    0.00    0.00    0.00   99.00
12:49:53      17    0.00    0.00    0.00    0.00    0.00    0.00    0.00    0.00  100.00
12:49:53      18    0.00    0.00    0.00    0.00    0.00    0.00    0.00    0.00  100.00
12:49:53      19    0.00    0.00    0.00    0.00    0.00    0.00    0.00    0.00  100.00
12:49:53      20    0.00    0.00    0.00    0.00    0.00    0.00    0.00    0.00  100.00
12:49:53      21    0.00    0.00    0.00    0.00    0.00    0.00    0.00    0.00  100.00
12:49:53      22    0.00    0.00    0.00    0.00    0.00    0.00    0.00    0.00  100.00
12:49:53      23    0.00    0.00    0.00    0.00    0.00    0.00    0.00    0.00  100.00
12:49:53      24    0.00    0.00    0.00    0.00    0.00    0.00    0.00    0.00  100.00
12:49:53      25    0.00    0.00    0.00    0.00    0.00    0.00    0.00    0.00  100.00
12:49:53      26    0.00    0.00    0.00    0.00    0.00    0.00    0.00    0.00  100.00
12:49:53      27    0.00    0.00    0.00    0.00    0.00    0.00    0.00    0.00  100.00
12:49:53      28    0.00    0.00    0.00    0.00    0.00    0.00    0.00    0.00  100.00
12:49:53      29    0.00    0.00    0.00    0.00    0.00    0.00    0.00    0.00  100.00
12:49:53      30    0.00    0.00    0.00    0.00    0.00    0.00    0.00    0.00  100.00
12:49:53      31    0.00    0.00    0.00    0.00    0.00    0.00    0.00    0.00  100.00

12:49:53     CPU    %usr   %nice    %sys %iowait    %irq   %soft  %steal  %guest   %idle
12:49:54     all    0.00    0.00    0.06    0.00    0.00    0.00    0.00    0.00   99.94
12:49:54       0    0.00    0.00    1.03    0.00    0.00    0.00    0.00    0.00   98.97
12:49:54       1    0.00    0.00    0.00    0.00    0.00    0.00    0.00    0.00  100.00
12:49:54       2    0.00    0.00    0.00    0.00    0.00    0.00    0.00    0.00  100.00
12:49:54       3    0.00    0.00    0.00    0.00    0.00    0.00    0.00    0.00  100.00
12:49:54       4    0.00    0.00    0.00    0.00    0.00    0.00    0.00    0.00  100.00
12:49:54       5    0.00    0.00    0.00    0.00    0.00    0.00    0.00    0.00  100.00
12:49:54       6    0.00    0.00    0.00    0.00    0.00    0.00    0.00    0.00  100.00
12:49:54       7    0.00    0.00    0.00    0.00    0.00    0.00    0.00    0.00  100.00
12:49:54       8    0.00    0.00    0.00    0.00    0.00    0.00    0.00    0.00  100.00
12:49:54       9    0.00    0.00    0.00    0.00    0.00    0.00    0.00    0.00  100.00
12:49:54      10    0.00    0.00    0.00    0.00    0.00    0.00    0.00    0.00  100.00
12:49:54      11    0.00    0.00    0.00    0.00    0.00    0.00    0.00    0.00  100.00
12:49:54      12    0.00    0.00    0.00    0.00    0.00    0.00    0.00    0.00  100.00
12:49:54      13    0.00    0.00    0.00    0.00    0.00    0.00    0.00    0.00  100.00
12:49:54      14    0.00    0.00    0.00    0.00    0.00    0.00    0.00    0.00  100.00
12:49:54      15    0.00    0.00    0.00    0.00    0.00    0.00    0.00    0.00  100.00
12:49:54      16    0.00    0.00    1.00    0.00    0.00    0.00    0.00    0.00   99.00
12:49:54      17    0.00    0.00    0.00    0.00    0.00    0.00    0.00    0.00  100.00
12:49:54      18    0.00    0.00    0.00    0.00    0.00    0.00    0.00    0.00  100.00
12:49:54      19    0.00    0.00    0.00    0.00    0.00    0.00    0.00    0.00  100.00
12:49:54      20    0.00    0.00    0.00    0.00    0.00    0.00    0.00    0.00  100.00
12:49:54      21    0.00    0.00    0.00    0.00    0.00    0.00    0.00    0.00  100.00
12:49:54      22    0.00    0.00    0.00    0.00    0.00    0.00    0.00    0.00  100.00
12:49:54      23    0.00    0.00    0.00    0.00    0.00    0.00    0.00    0.00  100.00
12:49:54      24    0.00    0.00    0.00    0.00    0.00    0.00    0.00    0.00  100.00
12:49:54      25    0.00    0.00    0.00    0.00    0.00    0.00    0.00    0.00  100.00
12:49:54      26    0.00    0.00    0.00    0.00    0.00    0.00    0.00    0.00  100.00
12:49:54      27    0.00    0.00    0.00    0.00    0.00    0.00    0.00    0.00  100.00
12:49:54      28    0.00    0.00    0.00    0.00    0.00    0.00    0.00    0.00  100.00
12:49:54      29    0.00    0.00    0.00    0.00    0.00    0.00    0.00    0.00  100.00
12:49:54      30    0.00    0.00    0.00    0.00    0.00    0.00    0.00    0.00  100.00
12:49:54      31    0.00    0.00    0.00    0.00    0.00    0.00    0.00    0.00  100.00

12:49:54     CPU    %usr   %nice    %sys %iowait    %irq   %soft  %steal  %guest   %idle
12:49:55     all    0.03    0.00    0.09    0.00    0.00    0.00    0.00    0.00   99.87
12:49:55       0    0.00    0.00    2.04    0.00    0.00    0.00    0.00    0.00   97.96
12:49:55       1    0.00    0.00    0.00    0.00    0.00    0.00    0.00    0.00  100.00
12:49:55       2    0.00    0.00    0.00    0.00    0.00    0.00    0.00    0.00  100.00
12:49:55       3    0.00    0.00    0.00    0.00    0.00    0.00    0.00    0.00  100.00
12:49:55       4    0.00    0.00    0.00    0.00    0.00    0.00    0.00    0.00  100.00
12:49:55       5    0.00    0.00    0.00    0.00    0.00    0.00    0.00    0.00  100.00
12:49:55       6    0.00    0.00    0.00    0.00    0.00    0.00    0.00    0.00  100.00
12:49:55       7    0.00    0.00    0.00    0.00    0.00    0.00    0.00    0.00  100.00
12:49:55       8    0.00    0.00    0.00    0.00    0.00    0.00    0.00    0.00  100.00
12:49:55       9    0.00    0.00    0.00    0.00    0.00    0.00    0.00    0.00  100.00
12:49:55      10    0.00    0.00    0.00    0.00    0.00    0.00    0.00    0.00  100.00
12:49:55      11    0.00    0.00    0.00    0.00    0.00    0.00    0.00    0.00  100.00
12:49:55      12    0.00    0.00    0.00    0.00    0.00    0.00    0.00    0.00  100.00
12:49:55      13    0.00    0.00    0.00    0.00    0.00    0.00    0.00    0.00  100.00
12:49:55      14    0.00    0.00    0.00    0.00    0.00    0.00    0.00    0.00  100.00
12:49:55      15    0.00    0.00    0.00    0.00    0.00    0.00    0.00    0.00  100.00
12:49:55      16    0.00    0.00    0.00    0.00    0.00    0.00    0.00    0.00  100.00
12:49:55      17    0.00    0.00    0.00    0.00    0.00    0.00    0.00    0.00  100.00
12:49:55      18    0.00    0.00    0.00    0.00    0.00    0.00    0.00    0.00  100.00
12:49:55      19    0.00    0.00    0.99    0.00    0.00    0.00    0.00    0.00   99.01
12:49:55      20    0.00    0.00    0.00    0.00    0.00    0.00    0.00    0.00  100.00
12:49:55      21    0.00    0.00    0.00    0.00    0.00    0.00    0.00    0.00  100.00
12:49:55      22    0.00    0.00    0.00    0.00    0.00    0.00    0.00    0.00  100.00
12:49:55      23    0.00    0.00    0.00    0.00    0.00    0.00    0.00    0.00  100.00
12:49:55      24    0.00    0.00    0.00    0.00    0.00    0.00    0.00    0.00  100.00
12:49:55      25    0.00    0.00    0.00    0.00    0.00    0.00    0.00    0.00  100.00
12:49:55      26    0.00    0.00    0.00    0.00    0.00    0.00    0.00    0.00  100.00
12:49:55      27    0.00    0.00    0.00    0.00    0.00    0.00    0.00    0.00  100.00
12:49:55      28    0.00    0.00    0.00    0.00    0.00    0.00    0.00    0.00  100.00
12:49:55      29    0.00    0.00    0.00    0.00    0.00    0.00    0.00    0.00  100.00
12:49:55      30    0.00    0.00    0.00    0.00    0.00    0.00    0.00    0.00  100.00
12:49:55      31    0.00    0.00    0.00    0.00    0.00    0.00    0.00    0.00  100.00

12:49:55     CPU    %usr   %nice    %sys %iowait    %irq   %soft  %steal  %guest   %idle
12:49:56     all    0.00    0.00    0.06    0.00    0.00    0.00    0.00    0.00   99.94
12:49:56       0    0.00    0.00    1.02    0.00    0.00    0.00    0.00    0.00   98.98
12:49:56       1    0.00    0.00    0.00    0.00    0.00    0.00    0.00    0.00  100.00
12:49:56       2    0.00    0.00    0.00    0.00    0.00    0.00    0.00    0.00  100.00
12:49:56       3    0.00    0.00    0.00    0.00    0.00    0.00    0.00    0.00  100.00
12:49:56       4    0.00    0.00    0.00    0.00    0.00    0.00    0.00    0.00  100.00
12:49:56       5    0.00    0.00    0.00    0.00    0.00    0.00    0.00    0.00  100.00
12:49:56       6    0.00    0.00    0.00    0.00    0.00    0.00    0.00    0.00  100.00
12:49:56       7    0.00    0.00    0.00    0.00    0.00    0.00    0.00    0.00  100.00
12:49:56       8    0.00    0.00    0.00    0.00    0.00    0.00    0.00    0.00  100.00
12:49:56       9    0.00    0.00    0.00    0.00    0.00    0.00    0.00    0.00  100.00
12:49:56      10    0.00    0.00    0.00    0.00    0.00    0.00    0.00    0.00  100.00
12:49:56      11    0.00    0.00    0.00    0.00    0.00    0.00    0.00    0.00  100.00
12:49:56      12    0.00    0.00    0.00    0.00    0.00    0.00    0.00    0.00  100.00
12:49:56      13    0.00    0.00    0.00    0.00    0.00    0.00    0.00    0.00  100.00
12:49:56      14    0.00    0.00    0.00    0.00    0.00    0.00    0.00    0.00  100.00
12:49:56      15    0.00    0.00    0.00    0.00    0.00    0.00    0.00    0.00  100.00
12:49:56      16    0.00    0.00    1.02    0.00    0.00    0.00    0.00    0.00   98.98
12:49:56      17    0.00    0.00    0.00    0.00    0.00    0.00    0.00    0.00  100.00
12:49:56      18    0.99    0.00    0.00    0.00    0.00    0.00    0.00    0.00   99.01
12:49:56      19    0.00    0.00    0.00    0.00    0.00    0.00    0.00    0.00  100.00
12:49:56      20    0.00    0.00    0.00    0.00    0.00    0.00    0.00    0.00  100.00
12:49:56      21    0.00    0.00    0.00    0.00    0.00    0.00    0.00    0.00  100.00
12:49:56      22    0.00    0.00    0.00    0.00    0.00    0.00    0.00    0.00  100.00
12:49:56      23    0.00    0.00    0.00    0.00    0.00    0.00    0.00    0.00  100.00
12:49:56      24    0.00    0.00    0.00    0.00    0.00    0.00    0.00    0.00  100.00
12:49:56      25    0.00    0.00    0.00    0.00    0.00    0.00    0.00    0.00  100.00
12:49:56      26    0.00    0.00    0.00    0.00    0.00    0.00    0.00    0.00  100.00
12:49:56      27    0.00    0.00    0.00    0.00    0.00    0.00    0.00    0.00  100.00
12:49:56      28    0.00    0.00    0.00    0.00    0.00    0.00    0.00    0.00  100.00
12:49:56      29    0.00    0.00    0.00    0.00    0.00    0.00    0.00    0.00  100.00
12:49:56      30    0.00    0.00    0.00    0.00    0.00    0.00    0.00    0.00  100.00
12:49:56      31    0.00    0.00    0.00    0.00    0.00    0.00    0.00    0.00  100.00

12:49:56     CPU    %usr   %nice    %sys %iowait    %irq   %soft  %steal  %guest   %idle
12:49:57     all    0.00    0.00    0.09    0.00    0.00    0.00    0.00    0.00   99.91
12:49:57       0    0.00    0.00    1.02    0.00    0.00    0.00    0.00    0.00   98.98
12:49:57       1    0.00    0.00    0.00    0.00    0.00    0.00    0.00    0.00  100.00
12:49:57       2    0.00    0.00    0.00    0.00    0.00    0.00    0.00    0.00  100.00
12:49:57       3    0.00    0.00    0.00    0.00    0.00    0.00    0.00    0.00  100.00
12:49:57       4    0.00    0.00    0.00    0.00    0.00    0.00    0.00    0.00  100.00
12:49:57       5    0.00    0.00    0.00    0.00    0.00    0.00    0.00    0.00  100.00
12:49:57       6    0.00    0.00    0.00    0.00    0.00    0.00    0.00    0.00  100.00
12:49:57       7    0.00    0.00    0.00    0.00    0.00    0.00    0.00    0.00  100.00
12:49:57       8    0.00    0.00    0.00    0.00    0.00    0.00    0.00    0.00  100.00
12:49:57       9    0.00    0.00    0.00    0.00    0.00    0.00    0.00    0.00  100.00
12:49:57      10    0.00    0.00    0.00    0.00    0.00    0.00    0.00    0.00  100.00
12:49:57      11    0.00    0.00    0.00    0.00    0.00    0.00    0.00    0.00  100.00
12:49:57      12    0.00    0.00    0.00    0.00    0.00    0.00    0.00    0.00  100.00
12:49:57      13    0.00    0.00    0.00    0.00    0.00    0.00    0.00    0.00  100.00
12:49:57      14    0.00    0.00    0.00    0.00    0.00    0.00    0.00    0.00  100.00
12:49:57      15    0.00    0.00    0.00    0.00    0.00    0.00    0.00    0.00  100.00
12:49:57      16    0.00    0.00    2.00    0.00    0.00    0.00    0.00    0.00   98.00
12:49:57      17    0.00    0.00    0.00    0.00    0.00    0.00    0.00    0.00  100.00
12:49:57      18    0.00    0.00    0.00    0.00    0.00    0.00    0.00    0.00  100.00
12:49:57      19    0.00    0.00    0.00    0.00    0.00    0.00    0.00    0.00  100.00
12:49:57      20    0.00    0.00    0.00    0.00    0.00    0.00    0.00    0.00  100.00
12:49:57      21    0.00    0.00    0.00    0.00    0.00    0.00    0.00    0.00  100.00
12:49:57      22    0.00    0.00    0.00    0.00    0.00    0.00    0.00    0.00  100.00
12:49:57      23    0.00    0.00    0.00    0.00    0.00    0.00    0.00    0.00  100.00
12:49:57      24    0.00    0.00    0.00    0.00    0.00    0.00    0.00    0.00  100.00
12:49:57      25    0.00    0.00    0.00    0.00    0.00    0.00    0.00    0.00  100.00
12:49:57      26    0.00    0.00    0.00    0.00    0.00    0.00    0.00    0.00  100.00
12:49:57      27    0.00    0.00    0.00    0.00    0.00    0.00    0.00    0.00  100.00
12:49:57      28    0.00    0.00    0.00    0.00    0.00    0.00    0.00    0.00  100.00
12:49:57      29    0.00    0.00    0.00    0.00    0.00    0.00    0.00    0.00  100.00
12:49:57      30    0.00    0.00    0.00    0.00    0.00    0.00    0.00    0.00  100.00
12:49:57      31    0.00    0.00    0.00    0.00    0.00    0.00    0.00    0.00  100.00

12:49:57     CPU    %usr   %nice    %sys %iowait    %irq   %soft  %steal  %guest   %idle
12:49:58     all    0.03    0.00    0.06    0.00    0.00    0.00    0.00    0.00   99.91
12:49:58       0    0.00    0.00    1.01    0.00    0.00    0.00    0.00    0.00   98.99
12:49:58       1    0.00    0.00    0.00    0.00    0.00    0.00    0.00    0.00  100.00
12:49:58       2    0.00    0.00    0.00    0.00    0.00    0.00    0.00    0.00  100.00
12:49:58       3    0.00    0.00    0.00    0.00    0.00    0.00    0.00    0.00  100.00
12:49:58       4    0.00    0.00    0.00    0.00    0.00    0.00    0.00    0.00  100.00
12:49:58       5    0.00    0.00    0.00    0.00    0.00    0.00    0.00    0.00  100.00
12:49:58       6    0.00    0.00    0.00    0.00    0.00    0.00    0.00    0.00  100.00
12:49:58       7    0.00    0.00    0.00    0.00    0.00    0.00    0.00    0.00  100.00
12:49:58       8    0.00    0.00    0.00    0.00    0.00    0.00    0.00    0.00  100.00
12:49:58       9    0.00    0.00    0.00    0.00    0.00    0.00    0.00    0.00  100.00
12:49:58      10    0.00    0.00    0.00    0.00    0.00    0.00    0.00    0.00  100.00
12:49:58      11    0.00    0.00    0.00    0.00    0.00    0.00    0.00    0.00  100.00
12:49:58      12    0.00    0.00    0.00    0.00    0.00    0.00    0.00    0.00  100.00
12:49:58      13    0.00    0.00    0.00    0.00    0.00    0.00    0.00    0.00  100.00
12:49:58      14    0.00    0.00    0.00    0.00    0.00    0.00    0.00    0.00  100.00
12:49:58      15    0.00    0.00    0.00    0.00    0.00    0.00    0.00    0.00  100.00
12:49:58      16    1.01    0.00    1.01    0.00    0.00    0.00    0.00    0.00   97.98
12:49:58      17    0.00    0.00    0.00    0.00    0.00    0.00    0.00    0.00  100.00
12:49:58      18    0.00    0.00    0.00    0.00    0.00    0.00    0.00    0.00  100.00
12:49:58      19    0.00    0.00    0.00    0.00    0.00    0.00    0.00    0.00  100.00
12:49:58      20    0.00    0.00    0.00    0.00    0.00    0.00    0.00    0.00  100.00
12:49:58      21    0.00    0.00    0.00    0.00    0.00    0.00    0.00    0.00  100.00
12:49:58      22    0.00    0.00    0.00    0.00    0.00    0.00    0.00    0.00  100.00
12:49:58      23    0.00    0.00    0.00    0.00    0.00    0.00    0.00    0.00  100.00
12:49:58      24    0.00    0.00    0.00    0.00    0.00    0.00    0.00    0.00  100.00
12:49:58      25    0.00    0.00    0.00    0.00    0.00    0.00    0.00    0.00  100.00
12:49:58      26    0.00    0.00    0.00    0.00    0.00    0.00    0.00    0.00  100.00
12:49:58      27    0.00    0.00    0.00    0.00    0.00    0.00    0.00    0.00  100.00
12:49:58      28    0.00    0.00    0.00    0.00    0.00    0.00    0.00    0.00  100.00
12:49:58      29    0.00    0.00    0.00    0.00    0.00    0.00    0.00    0.00  100.00
12:49:58      30    0.00    0.00    0.00    0.00    0.00    0.00    0.00    0.00  100.00
12:49:58      31    0.00    0.00    0.00    0.00    0.00    0.00    0.00    0.00  100.00
