Linux 2.6.32-279.14.1.el6.x86_64 (compute-641-20.local) 	04/21/20 	_x86_64_	(32 CPU)

12:46:27     CPU    %usr   %nice    %sys %iowait    %irq   %soft  %steal  %guest   %idle
12:46:28     all   42.40    0.00    0.78    0.00    0.00    0.00    0.00    0.00   56.82
12:46:28       0   91.00    0.00    1.00    0.00    0.00    0.00    0.00    0.00    8.00
12:46:28       1    0.00    0.00    0.99    0.00    0.00    0.00    0.00    0.00   99.01
12:46:28       2    0.00    0.00    0.00    0.00    0.00    0.00    0.00    0.00  100.00
12:46:28       3   86.00    0.00    2.00    0.00    0.00    0.00    0.00    0.00   12.00
12:46:28       4    0.00    0.00    0.99    0.00    0.00    0.00    0.00    0.00   99.01
12:46:28       5    0.00    0.00    0.00    0.00    0.00    0.00    0.00    0.00  100.00
12:46:28       6    0.00    0.00    0.00    0.00    0.00    0.00    0.00    0.00  100.00
12:46:28       7    0.00    0.00    0.00    0.00    0.00    0.00    0.00    0.00  100.00
12:46:28       8    0.00    0.00    0.00    0.00    0.00    0.00    0.00    0.00  100.00
12:46:28       9    1.02    0.00    1.02    0.00    0.00    0.00    0.00    0.00   97.96
12:46:28      10    0.00    0.00    0.00    0.00    0.00    0.00    0.00    0.00  100.00
12:46:28      11    0.00    0.00    0.00    0.00    0.00    0.00    0.00    0.00  100.00
12:46:28      12    0.00    0.00    0.00    0.00    0.00    0.00    0.00    0.00  100.00
12:46:28      13    0.00    0.00    0.00    0.00    0.00    0.00    0.00    0.00  100.00
12:46:28      14    0.00    0.00    0.00    0.00    0.00    0.00    0.00    0.00  100.00
12:46:28      15    0.00    0.00    0.00    0.00    0.00    0.00    0.00    0.00  100.00
12:46:28      16   97.03    0.00    1.98    0.00    0.00    0.00    0.00    0.00    0.99
12:46:28      17   85.86    0.00    1.01    0.00    0.00    0.00    0.00    0.00   13.13
12:46:28      18   85.15    0.00    1.98    0.00    0.00    0.00    0.00    0.00   12.87
12:46:28      19    6.00    0.00    2.00    0.00    0.00    0.00    0.00    0.00   92.00
12:46:28      20   86.00    0.00    1.00    0.00    0.00    0.00    0.00    0.00   13.00
12:46:28      21   85.00    0.00    2.00    0.00    0.00    0.00    0.00    0.00   13.00
12:46:28      22   85.00    0.00    1.00    0.00    0.00    0.00    0.00    0.00   14.00
12:46:28      23   85.71    0.00    1.02    0.00    0.00    0.00    0.00    0.00   13.27
12:46:28      24    0.00    0.00    0.00    0.00    0.00    0.00    0.00    0.00  100.00
12:46:28      25   82.00    0.00    1.00    0.00    0.00    0.00    0.00    0.00   17.00
12:46:28      26   81.19    0.00    0.99    0.00    0.00    0.00    0.00    0.00   17.82
12:46:28      27   81.00    0.00    1.00    0.00    0.00    0.00    0.00    0.00   18.00
12:46:28      28   79.21    0.00    0.99    0.00    0.00    0.00    0.00    0.00   19.80
12:46:28      29   80.00    0.00    1.00    0.00    0.00    0.00    0.00    0.00   19.00
12:46:28      30   79.00    0.00    2.00    0.00    0.00    0.00    0.00    0.00   19.00
12:46:28      31   80.20    0.00    1.98    0.00    0.00    0.00    0.00    0.00   17.82

12:46:28     CPU    %usr   %nice    %sys %iowait    %irq   %soft  %steal  %guest   %idle
12:46:29     all   12.90    0.00    0.09    0.00    0.00    0.00    0.00    0.00   87.01
12:46:29       0   30.30    0.00    0.00    0.00    0.00    0.00    0.00    0.00   69.70
12:46:29       1    0.00    0.00    0.00    0.00    0.00    0.00    0.00    0.00  100.00
12:46:29       2    0.00    0.00    0.00    0.00    0.00    0.00    0.00    0.00  100.00
12:46:29       3   25.25    0.00    0.00    0.00    0.00    0.00    0.00    0.00   74.75
12:46:29       4    0.00    0.00    1.01    0.00    0.00    0.00    0.00    0.00   98.99
12:46:29       5    0.00    0.00    0.00    0.00    0.00    0.00    0.00    0.00  100.00
12:46:29       6    0.00    0.00    0.00    0.00    0.00    0.00    0.00    0.00  100.00
12:46:29       7    0.00    0.00    0.00    0.00    0.00    0.00    0.00    0.00  100.00
12:46:29       8    0.00    0.00    0.99    0.00    0.00    0.00    0.00    0.00   99.01
12:46:29       9    0.00    0.00    1.02    0.00    0.00    0.00    0.00    0.00   98.98
12:46:29      10    0.00    0.00    0.00    0.00    0.00    0.00    0.00    0.00  100.00
12:46:29      11    0.00    0.00    0.00    0.00    0.00    0.00    0.00    0.00  100.00
12:46:29      12    0.00    0.00    0.00    0.00    0.00    0.00    0.00    0.00  100.00
12:46:29      13    0.00    0.00    0.00    0.00    0.00    0.00    0.00    0.00  100.00
12:46:29      14    0.00    0.00    0.00    0.00    0.00    0.00    0.00    0.00  100.00
12:46:29      15    0.00    0.00    0.00    0.00    0.00    0.00    0.00    0.00  100.00
12:46:29      16   30.00    0.00    0.00    0.00    0.00    0.00    0.00    0.00   70.00
12:46:29      17   26.00    0.00    0.00    0.00    0.00    0.00    0.00    0.00   74.00
12:46:29      18   25.51    0.00    0.00    0.00    0.00    0.00    0.00    0.00   74.49
12:46:29      19    0.00    0.00    0.00    0.00    0.00    0.00    0.00    0.00  100.00
12:46:29      20   25.25    0.00    0.00    0.00    0.00    0.00    0.00    0.00   74.75
12:46:29      21   25.25    0.00    0.00    0.00    0.00    0.00    0.00    0.00   74.75
12:46:29      22   26.00    0.00    0.00    0.00    0.00    0.00    0.00    0.00   74.00
12:46:29      23   26.00    0.00    0.00    0.00    0.00    0.00    0.00    0.00   74.00
12:46:29      24    0.00    0.00    0.00    0.00    0.00    0.00    0.00    0.00  100.00
12:46:29      25   24.24    0.00    0.00    0.00    0.00    0.00    0.00    0.00   75.76
12:46:29      26   24.24    0.00    0.00    0.00    0.00    0.00    0.00    0.00   75.76
12:46:29      27   25.00    0.00    0.00    0.00    0.00    0.00    0.00    0.00   75.00
12:46:29      28   23.47    0.00    0.00    0.00    0.00    0.00    0.00    0.00   76.53
12:46:29      29   24.00    0.00    0.00    0.00    0.00    0.00    0.00    0.00   76.00
12:46:29      30   25.00    0.00    0.00    0.00    0.00    0.00    0.00    0.00   75.00
12:46:29      31   25.00    0.00    0.00    0.00    0.00    0.00    0.00    0.00   75.00

12:46:29     CPU    %usr   %nice    %sys %iowait    %irq   %soft  %steal  %guest   %idle
12:46:30     all    0.00    0.00    0.06    0.00    0.00    0.00    0.00    0.00   99.94
12:46:30       0    0.00    0.00    0.00    0.00    0.00    0.00    0.00    0.00  100.00
12:46:30       1    0.00    0.00    0.00    0.00    0.00    0.00    0.00    0.00  100.00
12:46:30       2    0.00    0.00    0.00    0.00    0.00    0.00    0.00    0.00  100.00
12:46:30       3    0.00    0.00    0.00    0.00    0.00    0.00    0.00    0.00  100.00
12:46:30       4    0.00    0.00    1.00    0.00    0.00    0.00    0.00    0.00   99.00
12:46:30       5    0.00    0.00    0.00    0.00    0.00    0.00    0.00    0.00  100.00
12:46:30       6    0.00    0.00    0.00    0.00    0.00    0.00    0.00    0.00  100.00
12:46:30       7    0.00    0.00    0.00    0.00    0.00    0.00    0.00    0.00  100.00
12:46:30       8    0.00    0.00    0.00    0.00    0.00    0.00    0.00    0.00  100.00
12:46:30       9    0.00    0.00    0.00    0.00    0.00    0.00    0.00    0.00  100.00
12:46:30      10    0.00    0.00    0.00    0.00    0.00    0.00    0.00    0.00  100.00
12:46:30      11    0.00    0.00    0.00    0.00    0.00    0.00    0.00    0.00  100.00
12:46:30      12    0.00    0.00    0.00    0.00    0.00    0.00    0.00    0.00  100.00
12:46:30      13    0.00    0.00    0.00    0.00    0.00    0.00    0.00    0.00  100.00
12:46:30      14    0.00    0.00    0.00    0.00    0.00    0.00    0.00    0.00  100.00
12:46:30      15    0.00    0.00    0.00    0.00    0.00    0.00    0.00    0.00  100.00
12:46:30      16    0.00    0.00    0.00    0.00    0.00    0.00    0.00    0.00  100.00
12:46:30      17    0.00    0.00    0.00    0.00    0.00    0.00    0.00    0.00  100.00
12:46:30      18    0.00    0.00    0.00    0.00    0.00    0.00    0.00    0.00  100.00
12:46:30      19    0.00    0.00    0.00    0.00    0.00    0.00    0.00    0.00  100.00
12:46:30      20    0.00    0.00    0.00    0.00    0.00    0.00    0.00    0.00  100.00
12:46:30      21    0.00    0.00    0.00    0.00    0.00    0.00    0.00    0.00  100.00
12:46:30      22    0.00    0.00    0.00    0.00    0.00    0.00    0.00    0.00  100.00
12:46:30      23    0.00    0.00    0.00    0.00    0.00    0.00    0.00    0.00  100.00
12:46:30      24    0.00    0.00    0.00    0.00    0.00    0.00    0.00    0.00  100.00
12:46:30      25    0.00    0.00    1.02    0.00    0.00    0.00    0.00    0.00   98.98
12:46:30      26    0.00    0.00    0.00    0.00    0.00    0.00    0.00    0.00  100.00
12:46:30      27    0.00    0.00    0.00    0.00    0.00    0.00    0.00    0.00  100.00
12:46:30      28    0.00    0.00    0.00    0.00    0.00    0.00    0.00    0.00  100.00
12:46:30      29    0.00    0.00    0.00    0.00    0.00    0.00    0.00    0.00  100.00
12:46:30      30    0.00    0.00    0.00    0.00    0.00    0.00    0.00    0.00  100.00
12:46:30      31    0.00    0.00    0.00    0.00    0.00    0.00    0.00    0.00  100.00

12:46:30     CPU    %usr   %nice    %sys %iowait    %irq   %soft  %steal  %guest   %idle
12:46:31     all    0.00    0.00    0.09    0.34    0.00    0.00    0.00    0.00   99.56
12:46:31       0    0.00    0.00    0.00    0.00    0.00    0.00    0.00    0.00  100.00
12:46:31       1    0.00    0.00    0.00    0.00    0.00    0.00    0.00    0.00  100.00
12:46:31       2    0.00    0.00    0.00    0.00    0.00    0.00    0.00    0.00  100.00
12:46:31       3    0.00    0.00    0.00    0.00    0.00    0.00    0.00    0.00  100.00
12:46:31       4    0.00    0.00    0.99    0.00    0.00    0.00    0.00    0.00   99.01
12:46:31       5    0.00    0.00    0.00    0.00    0.00    0.00    0.00    0.00  100.00
12:46:31       6    0.00    0.00    0.00    0.00    0.00    0.00    0.00    0.00  100.00
12:46:31       7    0.00    0.00    0.00    0.00    0.00    0.00    0.00    0.00  100.00
12:46:31       8    0.00    0.00    0.00    0.00    0.00    0.00    0.00    0.00  100.00
12:46:31       9    0.00    0.00    1.00    0.00    0.00    0.00    0.00    0.00   99.00
12:46:31      10    0.00    0.00    0.00    0.00    0.00    0.00    0.00    0.00  100.00
12:46:31      11    0.00    0.00    0.00    0.00    0.00    0.00    0.00    0.00  100.00
12:46:31      12    0.00    0.00    0.00    6.00    0.00    0.00    0.00    0.00   94.00
12:46:31      13    0.00    0.00    0.00    0.00    0.00    0.00    0.00    0.00  100.00
12:46:31      14    0.00    0.00    0.00    0.00    0.00    0.00    0.00    0.00  100.00
12:46:31      15    0.00    0.00    0.00    0.00    0.00    0.00    0.00    0.00  100.00
12:46:31      16    0.00    0.00    0.00    0.00    0.00    0.00    0.00    0.00  100.00
12:46:31      17    0.00    0.00    0.00    0.00    0.00    0.00    0.00    0.00  100.00
12:46:31      18    0.00    0.00    0.00    0.00    0.00    0.00    0.00    0.00  100.00
12:46:31      19    0.00    0.00    0.00    0.00    0.00    0.00    0.00    0.00  100.00
12:46:31      20    0.00    0.00    0.00    0.00    0.00    0.00    0.00    0.00  100.00
12:46:31      21    0.00    0.00    0.00    0.00    0.00    0.00    0.00    0.00  100.00
12:46:31      22    0.00    0.00    0.00    0.00    0.00    0.00    0.00    0.00  100.00
12:46:31      23    0.00    0.00    0.00    0.00    0.00    0.00    0.00    0.00  100.00
12:46:31      24    0.00    0.00    0.00    0.00    0.00    0.00    0.00    0.00  100.00
12:46:31      25    1.00    0.00    1.00    0.00    0.00    0.00    0.00    0.00   98.00
12:46:31      26    0.00    0.00    0.00    0.00    0.00    0.00    0.00    0.00  100.00
12:46:31      27    0.00    0.00    0.00    6.00    0.00    0.00    0.00    0.00   94.00
12:46:31      28    0.00    0.00    0.00    0.00    0.00    0.00    0.00    0.00  100.00
12:46:31      29    0.00    0.00    0.00    0.00    0.00    0.00    0.00    0.00  100.00
12:46:31      30    0.00    0.00    0.00    0.00    0.00    0.00    0.00    0.00  100.00
12:46:31      31    0.00    0.00    0.00    0.00    0.00    0.00    0.00    0.00  100.00

12:46:31     CPU    %usr   %nice    %sys %iowait    %irq   %soft  %steal  %guest   %idle
12:46:32     all    0.03    0.00    0.09    0.53    0.00    0.00    0.00    0.00   99.34
12:46:32       0    0.00    0.00    0.00    0.00    0.00    0.00    0.00    0.00  100.00
12:46:32       1    0.00    0.00    0.00    0.00    0.00    0.00    0.00    0.00  100.00
12:46:32       2    0.00    0.00    0.00    0.00    0.00    0.00    0.00    0.00  100.00
12:46:32       3    0.00    0.00    0.00    0.00    0.00    0.00    0.00    0.00  100.00
12:46:32       4    0.00    0.00    0.00    0.00    0.00    0.00    0.00    0.00  100.00
12:46:32       5    0.00    0.00    0.00    0.00    0.00    0.00    0.00    0.00  100.00
12:46:32       6    0.00    0.00    0.00    0.00    0.00    0.00    0.00    0.00  100.00
12:46:32       7    0.00    0.00    0.00    0.00    0.00    0.00    0.00    0.00  100.00
12:46:32       8    0.00    0.00    0.00    0.00    0.00    0.00    0.00    0.00  100.00
12:46:32       9    0.00    0.00    1.01    0.00    0.00    0.00    0.00    0.00   98.99
12:46:32      10    0.00    0.00    0.00    0.00    0.00    0.00    0.00    0.00  100.00
12:46:32      11    0.00    0.00    0.00    0.00    0.00    0.00    0.00    0.00  100.00
12:46:32      12    0.00    0.00    0.00   14.14    0.00    0.00    0.00    0.00   85.86
12:46:32      13    0.00    0.00    0.00    0.00    0.00    0.00    0.00    0.00  100.00
12:46:32      14    0.00    0.00    0.00    0.00    0.00    0.00    0.00    0.00  100.00
12:46:32      15    0.00    0.00    0.00    0.00    0.00    0.00    0.00    0.00  100.00
12:46:32      16    0.00    0.00    0.00    0.00    0.00    0.00    0.00    0.00  100.00
12:46:32      17    0.00    0.00    0.00    0.00    0.00    0.00    0.00    0.00  100.00
12:46:32      18    0.00    0.00    0.00    0.00    0.00    0.00    0.00    0.00  100.00
12:46:32      19    0.00    0.00    0.00    0.00    0.00    0.00    0.00    0.00  100.00
12:46:32      20    0.00    0.00    0.00    0.00    0.00    0.00    0.00    0.00  100.00
12:46:32      21    0.00    0.00    0.00    0.00    0.00    0.00    0.00    0.00  100.00
12:46:32      22    0.00    0.00    0.00    0.00    0.00    0.00    0.00    0.00  100.00
12:46:32      23    0.00    0.00    0.00    0.00    0.00    0.00    0.00    0.00  100.00
12:46:32      24    0.00    0.00    0.00    0.00    0.00    0.00    0.00    0.00  100.00
12:46:32      25    0.00    0.00    0.00    0.00    0.00    0.00    0.00    0.00  100.00
12:46:32      26    0.00    0.00    0.00    0.00    0.00    0.00    0.00    0.00  100.00
12:46:32      27    0.00    0.00    0.00    2.00    0.00    0.00    0.00    0.00   98.00
12:46:32      28    0.98    0.00    0.98    0.00    0.00    0.00    0.00    0.00   98.04
12:46:32      29    0.00    0.00    0.00    0.00    0.00    0.00    0.00    0.00  100.00
12:46:32      30    0.00    0.00    0.00    0.00    0.00    0.00    0.00    0.00  100.00
12:46:32      31    0.00    0.00    0.00    0.00    0.00    0.00    0.00    0.00  100.00

12:46:32     CPU    %usr   %nice    %sys %iowait    %irq   %soft  %steal  %guest   %idle
12:46:33     all    0.00    0.00    0.06    0.00    0.00    0.00    0.00    0.00   99.94
12:46:33       0    0.00    0.00    0.00    0.00    0.00    0.00    0.00    0.00  100.00
12:46:33       1    0.00    0.00    0.00    0.00    0.00    0.00    0.00    0.00  100.00
12:46:33       2    0.00    0.00    0.00    0.00    0.00    0.00    0.00    0.00  100.00
12:46:33       3    0.00    0.00    0.00    0.00    0.00    0.00    0.00    0.00  100.00
12:46:33       4    0.00    0.00    0.00    0.00    0.00    0.00    0.00    0.00  100.00
12:46:33       5    0.00    0.00    0.00    0.00    0.00    0.00    0.00    0.00  100.00
12:46:33       6    0.00    0.00    0.00    0.00    0.00    0.00    0.00    0.00  100.00
12:46:33       7    0.00    0.00    0.00    0.00    0.00    0.00    0.00    0.00  100.00
12:46:33       8    0.00    0.00    0.00    0.00    0.00    0.00    0.00    0.00  100.00
12:46:33       9    0.00    0.00    1.00    0.00    0.00    0.00    0.00    0.00   99.00
12:46:33      10    0.00    0.00    0.00    0.00    0.00    0.00    0.00    0.00  100.00
12:46:33      11    0.00    0.00    0.00    0.00    0.00    0.00    0.00    0.00  100.00
12:46:33      12    0.00    0.00    0.00    0.00    0.00    0.00    0.00    0.00  100.00
12:46:33      13    0.00    0.00    0.00    0.00    0.00    0.00    0.00    0.00  100.00
12:46:33      14    0.00    0.00    0.00    0.00    0.00    0.00    0.00    0.00  100.00
12:46:33      15    0.00    0.00    0.00    0.00    0.00    0.00    0.00    0.00  100.00
12:46:33      16    0.00    0.00    0.00    0.00    0.00    0.00    0.00    0.00  100.00
12:46:33      17    0.00    0.00    0.00    0.00    0.00    0.00    0.00    0.00  100.00
12:46:33      18    0.00    0.00    0.00    0.00    0.00    0.00    0.00    0.00  100.00
12:46:33      19    0.00    0.00    0.00    0.00    0.00    0.00    0.00    0.00  100.00
12:46:33      20    0.00    0.00    0.00    0.00    0.00    0.00    0.00    0.00  100.00
12:46:33      21    0.00    0.00    0.00    0.00    0.00    0.00    0.00    0.00  100.00
12:46:33      22    0.00    0.00    0.00    0.00    0.00    0.00    0.00    0.00  100.00
12:46:33      23    0.00    0.00    0.00    0.00    0.00    0.00    0.00    0.00  100.00
12:46:33      24    0.00    0.00    0.00    0.00    0.00    0.00    0.00    0.00  100.00
12:46:33      25    0.00    0.00    1.02    0.00    0.00    0.00    0.00    0.00   98.98
12:46:33      26    0.00    0.00    0.00    0.00    0.00    0.00    0.00    0.00  100.00
12:46:33      27    0.00    0.00    0.00    0.00    0.00    0.00    0.00    0.00  100.00
12:46:33      28    0.00    0.00    0.00    0.00    0.00    0.00    0.00    0.00  100.00
12:46:33      29    0.00    0.00    0.00    0.00    0.00    0.00    0.00    0.00  100.00
12:46:33      30    0.00    0.00    0.00    0.00    0.00    0.00    0.00    0.00  100.00
12:46:33      31    0.00    0.00    0.00    0.00    0.00    0.00    0.00    0.00  100.00

12:46:33     CPU    %usr   %nice    %sys %iowait    %irq   %soft  %steal  %guest   %idle
12:46:34     all    0.00    0.00    0.06    0.00    0.00    0.00    0.00    0.00   99.94
12:46:34       0    0.00    0.00    0.00    0.00    0.00    0.00    0.00    0.00  100.00
12:46:34       1    0.00    0.00    0.00    0.00    0.00    0.00    0.00    0.00  100.00
12:46:34       2    0.00    0.00    0.00    0.00    0.00    0.00    0.00    0.00  100.00
12:46:34       3    0.00    0.00    0.00    0.00    0.00    0.00    0.00    0.00  100.00
12:46:34       4    0.00    0.00    0.00    0.00    0.00    0.00    0.00    0.00  100.00
12:46:34       5    0.00    0.00    0.00    0.00    0.00    0.00    0.00    0.00  100.00
12:46:34       6    0.00    0.00    0.00    0.00    0.00    0.00    0.00    0.00  100.00
12:46:34       7    0.00    0.00    0.00    0.00    0.00    0.00    0.00    0.00  100.00
12:46:34       8    0.00    0.00    1.00    0.00    0.00    0.00    0.00    0.00   99.00
12:46:34       9    0.00    0.00    0.99    0.00    0.00    0.00    0.00    0.00   99.01
12:46:34      10    0.00    0.00    0.00    0.00    0.00    0.00    0.00    0.00  100.00
12:46:34      11    0.00    0.00    0.00    0.00    0.00    0.00    0.00    0.00  100.00
12:46:34      12    0.00    0.00    0.00    0.00    0.00    0.00    0.00    0.00  100.00
12:46:34      13    0.00    0.00    0.00    0.00    0.00    0.00    0.00    0.00  100.00
12:46:34      14    0.00    0.00    0.00    0.00    0.00    0.00    0.00    0.00  100.00
12:46:34      15    0.00    0.00    0.00    0.00    0.00    0.00    0.00    0.00  100.00
12:46:34      16    0.00    0.00    0.00    0.00    0.00    0.00    0.00    0.00  100.00
12:46:34      17    0.00    0.00    0.00    0.00    0.00    0.00    0.00    0.00  100.00
12:46:34      18    0.00    0.00    0.00    0.00    0.00    0.00    0.00    0.00  100.00
12:46:34      19    0.00    0.00    0.00    0.00    0.00    0.00    0.00    0.00  100.00
12:46:34      20    0.00    0.00    0.00    0.00    0.00    0.00    0.00    0.00  100.00
12:46:34      21    0.00    0.00    0.00    0.00    0.00    0.00    0.00    0.00  100.00
12:46:34      22    0.00    0.00    0.00    0.00    0.00    0.00    0.00    0.00  100.00
12:46:34      23    0.00    0.00    0.00    0.00    0.00    0.00    0.00    0.00  100.00
12:46:34      24    0.00    0.00    0.00    0.00    0.00    0.00    0.00    0.00  100.00
12:46:34      25    0.00    0.00    1.02    0.00    0.00    0.00    0.00    0.00   98.98
12:46:34      26    0.00    0.00    0.99    0.00    0.00    0.00    0.00    0.00   99.01
12:46:34      27    0.00    0.00    0.00    0.00    0.00    0.00    0.00    0.00  100.00
12:46:34      28    0.00    0.00    0.00    0.00    0.00    0.00    0.00    0.00  100.00
12:46:34      29    0.00    0.00    0.00    0.00    0.00    0.00    0.00    0.00  100.00
12:46:34      30    0.00    0.00    0.00    0.00    0.00    0.00    0.00    0.00  100.00
12:46:34      31    0.00    0.00    0.00    0.00    0.00    0.00    0.00    0.00  100.00

12:46:34     CPU    %usr   %nice    %sys %iowait    %irq   %soft  %steal  %guest   %idle
12:46:35     all    0.00    0.00    0.06    0.00    0.00    0.00    0.00    0.00   99.94
12:46:35       0    0.00    0.00    0.00    0.00    0.00    0.00    0.00    0.00  100.00
12:46:35       1    0.00    0.00    0.00    0.00    0.00    0.00    0.00    0.00  100.00
12:46:35       2    0.00    0.00    0.00    0.00    0.00    0.00    0.00    0.00  100.00
12:46:35       3    0.00    0.00    0.00    0.00    0.00    0.00    0.00    0.00  100.00
12:46:35       4    0.00    0.00    0.00    0.00    0.00    0.00    0.00    0.00  100.00
12:46:35       5    0.00    0.00    0.00    0.00    0.00    0.00    0.00    0.00  100.00
12:46:35       6    0.00    0.00    0.00    0.00    0.00    0.00    0.00    0.00  100.00
12:46:35       7    0.00    0.00    0.00    0.00    0.00    0.00    0.00    0.00  100.00
12:46:35       8    0.00    0.00    1.00    0.00    0.00    0.00    0.00    0.00   99.00
12:46:35       9    0.99    0.00    0.00    0.00    0.00    0.00    0.00    0.00   99.01
12:46:35      10    0.00    0.00    0.00    0.00    0.00    0.00    0.00    0.00  100.00
12:46:35      11    0.00    0.00    0.00    0.00    0.00    0.00    0.00    0.00  100.00
12:46:35      12    0.00    0.00    0.00    0.00    0.00    0.00    0.00    0.00  100.00
12:46:35      13    0.00    0.00    0.00    0.00    0.00    0.00    0.00    0.00  100.00
12:46:35      14    0.00    0.00    0.00    0.00    0.00    0.00    0.00    0.00  100.00
12:46:35      15    0.00    0.00    0.00    0.00    0.00    0.00    0.00    0.00  100.00
12:46:35      16    0.00    0.00    0.00    0.00    0.00    0.00    0.00    0.00  100.00
12:46:35      17    0.00    0.00    0.99    0.00    0.00    0.00    0.00    0.00   99.01
12:46:35      18    0.00    0.00    0.00    0.00    0.00    0.00    0.00    0.00  100.00
12:46:35      19    0.00    0.00    0.00    0.00    0.00    0.00    0.00    0.00  100.00
12:46:35      20    0.00    0.00    0.00    0.00    0.00    0.00    0.00    0.00  100.00
12:46:35      21    0.00    0.00    0.00    0.00    0.00    0.00    0.00    0.00  100.00
12:46:35      22    0.00    0.00    0.00    0.00    0.00    0.00    0.00    0.00  100.00
12:46:35      23    0.00    0.00    0.00    0.00    0.00    0.00    0.00    0.00  100.00
12:46:35      24    0.00    0.00    0.00    0.00    0.00    0.00    0.00    0.00  100.00
12:46:35      25    0.00    0.00    1.02    0.00    0.00    0.00    0.00    0.00   98.98
12:46:35      26    0.00    0.00    0.00    0.00    0.00    0.00    0.00    0.00  100.00
12:46:35      27    0.00    0.00    0.00    0.00    0.00    0.00    0.00    0.00  100.00
12:46:35      28    0.00    0.00    0.00    0.00    0.00    0.00    0.00    0.00  100.00
12:46:35      29    0.00    0.00    0.00    0.00    0.00    0.00    0.00    0.00  100.00
12:46:35      30    0.00    0.00    0.00    0.00    0.00    0.00    0.00    0.00  100.00
12:46:35      31    0.00    0.00    0.00    0.00    0.00    0.00    0.00    0.00  100.00

12:46:35     CPU    %usr   %nice    %sys %iowait    %irq   %soft  %steal  %guest   %idle
12:46:36     all    0.00    0.00    0.06    0.00    0.00    0.00    0.00    0.00   99.94
12:46:36       0    0.00    0.00    0.00    0.00    0.00    0.00    0.00    0.00  100.00
12:46:36       1    0.00    0.00    0.00    0.00    0.00    0.00    0.00    0.00  100.00
12:46:36       2    0.00    0.00    0.00    0.00    0.00    0.00    0.00    0.00  100.00
12:46:36       3    0.00    0.00    0.00    0.00    0.00    0.00    0.00    0.00  100.00
12:46:36       4    0.00    0.00    0.00    0.00    0.00    0.00    0.00    0.00  100.00
12:46:36       5    0.00    0.00    0.00    0.00    0.00    0.00    0.00    0.00  100.00
12:46:36       6    0.00    0.00    0.00    0.00    0.00    0.00    0.00    0.00  100.00
12:46:36       7    0.00    0.00    0.00    0.00    0.00    0.00    0.00    0.00  100.00
12:46:36       8    0.00    0.00    1.00    0.00    0.00    0.00    0.00    0.00   99.00
12:46:36       9    0.00    0.00    0.00    0.00    0.00    0.00    0.00    0.00  100.00
12:46:36      10    0.00    0.00    0.99    0.00    0.00    0.00    0.00    0.00   99.01
12:46:36      11    0.00    0.00    0.00    0.00    0.00    0.00    0.00    0.00  100.00
12:46:36      12    0.00    0.00    0.00    0.00    0.00    0.00    0.00    0.00  100.00
12:46:36      13    0.00    0.00    0.00    0.00    0.00    0.00    0.00    0.00  100.00
12:46:36      14    0.00    0.00    0.00    0.00    0.00    0.00    0.00    0.00  100.00
12:46:36      15    0.00    0.00    0.00    0.00    0.00    0.00    0.00    0.00  100.00
12:46:36      16    0.00    0.00    0.00    0.00    0.00    0.00    0.00    0.00  100.00
12:46:36      17    0.00    0.00    0.00    0.00    0.00    0.00    0.00    0.00  100.00
12:46:36      18    0.00    0.00    0.00    0.00    0.00    0.00    0.00    0.00  100.00
12:46:36      19    0.00    0.00    0.00    0.00    0.00    0.00    0.00    0.00  100.00
12:46:36      20    0.00    0.00    0.00    0.00    0.00    0.00    0.00    0.00  100.00
12:46:36      21    0.00    0.00    0.00    0.00    0.00    0.00    0.00    0.00  100.00
12:46:36      22    0.00    0.00    0.00    0.00    0.00    0.00    0.00    0.00  100.00
12:46:36      23    0.00    0.00    0.00    0.00    0.00    0.00    0.00    0.00  100.00
12:46:36      24    0.00    0.00    0.00    0.00    0.00    0.00    0.00    0.00  100.00
12:46:36      25    0.00    0.00    0.00    0.00    0.00    0.00    0.00    0.00  100.00
12:46:36      26    0.00    0.00    0.00    0.00    0.00    0.00    0.00    0.00  100.00
12:46:36      27    0.00    0.00    0.00    0.00    0.00    0.00    0.00    0.00  100.00
12:46:36      28    0.00    0.00    0.00    0.00    0.00    0.00    0.00    0.00  100.00
12:46:36      29    0.00    0.00    0.00    0.00    0.00    0.00    0.00    0.00  100.00
12:46:36      30    0.00    0.00    0.00    0.00    0.00    0.00    0.00    0.00  100.00
12:46:36      31    0.00    0.00    0.00    0.00    0.00    0.00    0.00    0.00  100.00

12:46:36     CPU    %usr   %nice    %sys %iowait    %irq   %soft  %steal  %guest   %idle
12:46:37     all    0.00    0.00    0.06    0.00    0.00    0.00    0.00    0.00   99.94
12:46:37       0    0.00    0.00    0.00    0.00    0.00    0.00    0.00    0.00  100.00
12:46:37       1    0.00    0.00    0.00    0.00    0.00    0.00    0.00    0.00  100.00
12:46:37       2    0.00    0.00    0.00    0.00    0.00    0.00    0.00    0.00  100.00
12:46:37       3    0.00    0.00    0.00    0.00    0.00    0.00    0.00    0.00  100.00
12:46:37       4    0.00    0.00    0.00    0.00    0.00    0.00    0.00    0.00  100.00
12:46:37       5    0.00    0.00    0.00    0.00    0.00    0.00    0.00    0.00  100.00
12:46:37       6    0.00    0.00    0.00    0.00    0.00    0.00    0.00    0.00  100.00
12:46:37       7    0.00    0.00    0.00    0.00    0.00    0.00    0.00    0.00  100.00
12:46:37       8    0.00    0.00    1.00    0.00    0.00    0.00    0.00    0.00   99.00
12:46:37       9    0.00    0.00    0.00    0.00    0.00    0.00    0.00    0.00  100.00
12:46:37      10    0.00    0.00    0.00    0.00    0.00    0.00    0.00    0.00  100.00
12:46:37      11    0.00    0.00    0.00    0.00    0.00    0.00    0.00    0.00  100.00
12:46:37      12    0.00    0.00    0.00    0.00    0.00    0.00    0.00    0.00  100.00
12:46:37      13    0.00    0.00    0.00    0.00    0.00    0.00    0.00    0.00  100.00
12:46:37      14    0.00    0.00    0.00    0.00    0.00    0.00    0.00    0.00  100.00
12:46:37      15    0.00    0.00    0.00    0.00    0.00    0.00    0.00    0.00  100.00
12:46:37      16    0.00    0.00    0.00    0.00    0.00    0.00    0.00    0.00  100.00
12:46:37      17    0.00    0.00    0.00    0.00    0.00    0.00    0.00    0.00  100.00
12:46:37      18    0.00    0.00    0.00    0.00    0.00    0.00    0.00    0.00  100.00
12:46:37      19    0.99    0.00    0.00    0.00    0.00    0.00    0.00    0.00   99.01
12:46:37      20    0.00    0.00    0.00    0.00    0.00    0.00    0.00    0.00  100.00
12:46:37      21    0.00    0.00    0.00    0.00    0.00    0.00    0.00    0.00  100.00
12:46:37      22    0.00    0.00    0.00    0.00    0.00    0.00    0.00    0.00  100.00
12:46:37      23    0.00    0.00    0.00    0.00    0.00    0.00    0.00    0.00  100.00
12:46:37      24    0.00    0.00    0.00    0.00    0.00    0.00    0.00    0.00  100.00
12:46:37      25    0.00    0.00    1.02    0.00    0.00    0.00    0.00    0.00   98.98
12:46:37      26    0.00    0.00    0.00    0.00    0.00    0.00    0.00    0.00  100.00
12:46:37      27    0.00    0.00    0.00    0.00    0.00    0.00    0.00    0.00  100.00
12:46:37      28    0.00    0.00    0.00    0.00    0.00    0.00    0.00    0.00  100.00
12:46:37      29    0.00    0.00    0.00    0.00    0.00    0.00    0.00    0.00  100.00
12:46:37      30    0.00    0.00    0.00    0.00    0.00    0.00    0.00    0.00  100.00
12:46:37      31    0.00    0.00    0.00    0.00    0.00    0.00    0.00    0.00  100.00

12:46:37     CPU    %usr   %nice    %sys %iowait    %irq   %soft  %steal  %guest   %idle
12:46:38     all    0.03    0.00    0.09    0.00    0.00    0.00    0.00    0.00   99.87
12:46:38       0    0.00    0.00    0.00    0.00    0.00    0.00    0.00    0.00  100.00
12:46:38       1    0.00    0.00    0.00    0.00    0.00    0.00    0.00    0.00  100.00
12:46:38       2    0.00    0.00    0.00    0.00    0.00    0.00    0.00    0.00  100.00
12:46:38       3    0.00    0.00    0.00    0.00    0.00    0.00    0.00    0.00  100.00
12:46:38       4    0.00    0.00    0.00    0.00    0.00    0.00    0.00    0.00  100.00
12:46:38       5    0.00    0.00    0.00    0.00    0.00    0.00    0.00    0.00  100.00
12:46:38       6    0.00    0.00    0.00    0.00    0.00    0.00    0.00    0.00  100.00
12:46:38       7    0.00    0.00    0.00    0.00    0.00    0.00    0.00    0.00  100.00
12:46:38       8    0.00    0.00    1.01    0.00    0.00    0.00    0.00    0.00   98.99
12:46:38       9    0.00    0.00    0.00    0.00    0.00    0.00    0.00    0.00  100.00
12:46:38      10    0.00    0.00    0.00    0.00    0.00    0.00    0.00    0.00  100.00
12:46:38      11    0.00    0.00    0.00    0.00    0.00    0.00    0.00    0.00  100.00
12:46:38      12    0.00    0.00    0.00    0.00    0.00    0.00    0.00    0.00  100.00
12:46:38      13    0.00    0.00    0.00    0.00    0.00    0.00    0.00    0.00  100.00
12:46:38      14    0.00    0.00    0.00    0.00    0.00    0.00    0.00    0.00  100.00
12:46:38      15    0.00    0.00    0.00    0.00    0.00    0.00    0.00    0.00  100.00
12:46:38      16    0.00    0.00    0.00    0.00    0.00    0.00    0.00    0.00  100.00
12:46:38      17    0.00    0.00    0.00    0.00    0.00    0.00    0.00    0.00  100.00
12:46:38      18    0.00    0.00    0.00    0.00    0.00    0.00    0.00    0.00  100.00
12:46:38      19    0.00    0.00    0.00    0.00    0.00    0.00    0.00    0.00  100.00
12:46:38      20    0.00    0.00    0.00    0.00    0.00    0.00    0.00    0.00  100.00
12:46:38      21    0.00    0.00    0.00    0.00    0.00    0.00    0.00    0.00  100.00
12:46:38      22    0.00    0.00    0.00    0.00    0.00    0.00    0.00    0.00  100.00
12:46:38      23    0.00    0.00    0.00    0.00    0.00    0.00    0.00    0.00  100.00
12:46:38      24    0.00    0.00    0.00    0.00    0.00    0.00    0.00    0.00  100.00
12:46:38      25    0.00    0.00    1.02    0.00    0.00    0.00    0.00    0.00   98.98
12:46:38      26    0.00    0.00    0.00    0.00    0.00    0.00    0.00    0.00  100.00
12:46:38      27    0.00    0.00    0.00    0.00    0.00    0.00    0.00    0.00  100.00
12:46:38      28    0.00    0.00    0.00    0.00    0.00    0.00    0.00    0.00  100.00
12:46:38      29    0.00    0.00    0.00    0.00    0.00    0.00    0.00    0.00  100.00
12:46:38      30    0.00    0.00    0.00    0.00    0.00    0.00    0.00    0.00  100.00
12:46:38      31    0.00    0.00    0.00    0.00    0.00    0.00    0.00    0.00  100.00

12:46:38     CPU    %usr   %nice    %sys %iowait    %irq   %soft  %steal  %guest   %idle
12:46:39     all    0.00    0.00    0.03    0.00    0.00    0.00    0.00    0.00   99.97
12:46:39       0    0.00    0.00    0.00    0.00    0.00    0.00    0.00    0.00  100.00
12:46:39       1    0.00    0.00    0.00    0.00    0.00    0.00    0.00    0.00  100.00
12:46:39       2    0.00    0.00    0.00    0.00    0.00    0.00    0.00    0.00  100.00
12:46:39       3    0.00    0.00    0.00    0.00    0.00    0.00    0.00    0.00  100.00
12:46:39       4    0.00    0.00    0.00    0.00    0.00    0.00    0.00    0.00  100.00
12:46:39       5    0.00    0.00    0.00    0.00    0.00    0.00    0.00    0.00  100.00
12:46:39       6    0.00    0.00    0.00    0.00    0.00    0.00    0.00    0.00  100.00
12:46:39       7    0.00    0.00    0.00    0.00    0.00    0.00    0.00    0.00  100.00
12:46:39       8    0.00    0.00    0.99    0.00    0.00    0.00    0.00    0.00   99.01
12:46:39       9    0.00    0.00    0.00    0.00    0.00    0.00    0.00    0.00  100.00
12:46:39      10    0.00    0.00    0.00    0.00    0.00    0.00    0.00    0.00  100.00
12:46:39      11    0.00    0.00    0.00    0.00    0.00    0.00    0.00    0.00  100.00
12:46:39      12    0.00    0.00    0.00    0.00    0.00    0.00    0.00    0.00  100.00
12:46:39      13    0.00    0.00    0.00    0.00    0.00    0.00    0.00    0.00  100.00
12:46:39      14    0.00    0.00    0.00    0.00    0.00    0.00    0.00    0.00  100.00
12:46:39      15    0.00    0.00    0.00    0.00    0.00    0.00    0.00    0.00  100.00
12:46:39      16    0.00    0.00    0.00    0.00    0.00    0.00    0.00    0.00  100.00
12:46:39      17    0.00    0.00    0.00    0.00    0.00    0.00    0.00    0.00  100.00
12:46:39      18    0.00    0.00    0.00    0.00    0.00    0.00    0.00    0.00  100.00
12:46:39      19    0.00    0.00    0.00    0.00    0.00    0.00    0.00    0.00  100.00
12:46:39      20    0.00    0.00    0.00    0.00    0.00    0.00    0.00    0.00  100.00
12:46:39      21    0.00    0.00    0.00    0.00    0.00    0.00    0.00    0.00  100.00
12:46:39      22    0.00    0.00    0.00    0.00    0.00    0.00    0.00    0.00  100.00
12:46:39      23    0.00    0.00    0.00    0.00    0.00    0.00    0.00    0.00  100.00
12:46:39      24    0.00    0.00    0.00    0.00    0.00    0.00    0.00    0.00  100.00
12:46:39      25    0.00    0.00    1.01    0.00    0.00    0.00    0.00    0.00   98.99
12:46:39      26    0.00    0.00    0.00    0.00    0.00    0.00    0.00    0.00  100.00
12:46:39      27    0.00    0.00    0.00    0.00    0.00    0.00    0.00    0.00  100.00
12:46:39      28    0.00    0.00    0.00    0.00    0.00    0.00    0.00    0.00  100.00
12:46:39      29    0.00    0.00    0.00    0.00    0.00    0.00    0.00    0.00  100.00
12:46:39      30    0.00    0.00    0.00    0.00    0.00    0.00    0.00    0.00  100.00
12:46:39      31    0.00    0.00    0.00    0.00    0.00    0.00    0.00    0.00  100.00

12:46:39     CPU    %usr   %nice    %sys %iowait    %irq   %soft  %steal  %guest   %idle
12:46:40     all    0.03    0.00    0.13    0.00    0.00    0.00    0.00    0.00   99.84
12:46:40       0    0.00    0.00    0.00    0.00    0.00    0.00    0.00    0.00  100.00
12:46:40       1    0.00    0.00    0.00    0.00    0.00    0.00    0.00    0.00  100.00
12:46:40       2    0.00    0.00    0.00    0.00    0.00    0.00    0.00    0.00  100.00
12:46:40       3    0.00    0.00    0.00    0.00    0.00    0.00    0.00    0.00  100.00
12:46:40       4    0.00    0.00    0.00    0.00    0.00    0.00    0.00    0.00  100.00
12:46:40       5    0.00    0.00    0.00    0.00    0.00    0.00    0.00    0.00  100.00
12:46:40       6    0.00    0.00    0.00    0.00    0.00    0.00    0.00    0.00  100.00
12:46:40       7    0.00    0.00    0.00    0.00    0.00    0.00    0.00    0.00  100.00
12:46:40       8    0.00    0.00    0.00    0.00    0.00    0.00    0.00    0.00  100.00
12:46:40       9    0.00    0.00    1.00    0.00    0.00    0.00    0.00    0.00   99.00
12:46:40      10    1.01    0.00    1.01    0.00    0.00    0.00    0.00    0.00   97.98
12:46:40      11    0.00    0.00    0.00    0.00    0.00    0.00    0.00    0.00  100.00
12:46:40      12    0.00    0.00    0.00    0.00    0.00    0.00    0.00    0.00  100.00
12:46:40      13    0.00    0.00    0.00    0.00    0.00    0.00    0.00    0.00  100.00
12:46:40      14    0.00    0.00    0.00    0.00    0.00    0.00    0.00    0.00  100.00
12:46:40      15    0.00    0.00    0.00    0.00    0.00    0.00    0.00    0.00  100.00
12:46:40      16    0.00    0.00    0.00    0.00    0.00    0.00    0.00    0.00  100.00
12:46:40      17    0.00    0.00    0.00    0.00    0.00    0.00    0.00    0.00  100.00
12:46:40      18    0.00    0.00    0.00    0.00    0.00    0.00    0.00    0.00  100.00
12:46:40      19    0.00    0.00    0.00    0.00    0.00    0.00    0.00    0.00  100.00
12:46:40      20    0.00    0.00    0.00    0.00    0.00    0.00    0.00    0.00  100.00
12:46:40      21    0.00    0.00    0.00    0.00    0.00    0.00    0.00    0.00  100.00
12:46:40      22    0.00    0.00    0.00    0.00    0.00    0.00    0.00    0.00  100.00
12:46:40      23    0.00    0.00    0.00    0.00    0.00    0.00    0.00    0.00  100.00
12:46:40      24    0.00    0.00    0.00    0.00    0.00    0.00    0.00    0.00  100.00
12:46:40      25    0.00    0.00    1.02    0.00    0.00    0.00    0.00    0.00   98.98
12:46:40      26    0.00    0.00    0.00    0.00    0.00    0.00    0.00    0.00  100.00
12:46:40      27    0.00    0.00    0.00    0.00    0.00    0.00    0.00    0.00  100.00
12:46:40      28    0.00    0.00    0.00    0.00    0.00    0.00    0.00    0.00  100.00
12:46:40      29    0.00    0.00    0.00    0.00    0.00    0.00    0.00    0.00  100.00
12:46:40      30    0.00    0.00    0.00    0.00    0.00    0.00    0.00    0.00  100.00
12:46:40      31    0.00    0.00    0.00    0.00    0.00    0.00    0.00    0.00  100.00

12:46:40     CPU    %usr   %nice    %sys %iowait    %irq   %soft  %steal  %guest   %idle
12:46:41     all    0.03    0.00    0.06    0.00    0.00    0.00    0.00    0.00   99.91
12:46:41       0    0.00    0.00    0.00    0.00    0.00    0.00    0.00    0.00  100.00
12:46:41       1    0.00    0.00    0.00    0.00    0.00    0.00    0.00    0.00  100.00
12:46:41       2    0.00    0.00    0.00    0.00    0.00    0.00    0.00    0.00  100.00
12:46:41       3    0.00    0.00    0.00    0.00    0.00    0.00    0.00    0.00  100.00
12:46:41       4    0.00    0.00    0.00    0.00    0.00    0.00    0.00    0.00  100.00
12:46:41       5    0.00    0.00    0.00    0.00    0.00    0.00    0.00    0.00  100.00
12:46:41       6    0.00    0.00    0.00    0.00    0.00    0.00    0.00    0.00  100.00
12:46:41       7    0.00    0.00    0.00    0.00    0.00    0.00    0.00    0.00  100.00
12:46:41       8    0.00    0.00    0.00    0.00    0.00    0.00    0.00    0.00  100.00
12:46:41       9    0.00    0.00    1.00    0.00    0.00    0.00    0.00    0.00   99.00
12:46:41      10    0.00    0.00    0.00    0.00    0.00    0.00    0.00    0.00  100.00
12:46:41      11    0.00    0.00    0.00    0.00    0.00    0.00    0.00    0.00  100.00
12:46:41      12    0.00    0.00    0.00    0.00    0.00    0.00    0.00    0.00  100.00
12:46:41      13    0.00    0.00    0.00    0.00    0.00    0.00    0.00    0.00  100.00
12:46:41      14    0.00    0.00    0.00    0.00    0.00    0.00    0.00    0.00  100.00
12:46:41      15    0.00    0.00    0.00    0.00    0.00    0.00    0.00    0.00  100.00
12:46:41      16    0.00    0.00    0.00    0.00    0.00    0.00    0.00    0.00  100.00
12:46:41      17    0.00    0.00    0.00    0.00    0.00    0.00    0.00    0.00  100.00
12:46:41      18    0.00    0.00    0.00    0.00    0.00    0.00    0.00    0.00  100.00
12:46:41      19    0.00    0.00    0.99    0.00    0.00    0.00    0.00    0.00   99.01
12:46:41      20    0.00    0.00    0.00    0.00    0.00    0.00    0.00    0.00  100.00
12:46:41      21    0.00    0.00    0.00    0.00    0.00    0.00    0.00    0.00  100.00
12:46:41      22    0.00    0.00    0.00    0.00    0.00    0.00    0.00    0.00  100.00
12:46:41      23    0.00    0.00    0.00    0.00    0.00    0.00    0.00    0.00  100.00
12:46:41      24    0.00    0.00    0.00    0.00    0.00    0.00    0.00    0.00  100.00
12:46:41      25    1.01    0.00    1.01    0.00    0.00    0.00    0.00    0.00   97.98
12:46:41      26    0.00    0.00    0.00    0.00    0.00    0.00    0.00    0.00  100.00
12:46:41      27    0.00    0.00    0.00    0.00    0.00    0.00    0.00    0.00  100.00
12:46:41      28    0.00    0.00    0.00    0.00    0.00    0.00    0.00    0.00  100.00
12:46:41      29    0.00    0.00    0.00    0.00    0.00    0.00    0.00    0.00  100.00
12:46:41      30    0.00    0.00    0.00    0.00    0.00    0.00    0.00    0.00  100.00
12:46:41      31    0.00    0.00    0.00    0.00    0.00    0.00    0.00    0.00  100.00

12:46:41     CPU    %usr   %nice    %sys %iowait    %irq   %soft  %steal  %guest   %idle
12:46:42     all    0.00    0.00    0.06    0.00    0.00    0.00    0.00    0.00   99.94
12:46:42       0    0.00    0.00    0.00    0.00    0.00    0.00    0.00    0.00  100.00
12:46:42       1    0.00    0.00    0.00    0.00    0.00    0.00    0.00    0.00  100.00
12:46:42       2    0.00    0.00    0.00    0.00    0.00    0.00    0.00    0.00  100.00
12:46:42       3    0.00    0.00    0.00    0.00    0.00    0.00    0.00    0.00  100.00
12:46:42       4    0.00    0.00    0.00    0.00    0.00    0.00    0.00    0.00  100.00
12:46:42       5    0.00    0.00    0.00    0.00    0.00    0.00    0.00    0.00  100.00
12:46:42       6    0.00    0.00    0.00    0.00    0.00    0.00    0.00    0.00  100.00
12:46:42       7    0.00    0.00    0.00    0.00    0.00    0.00    0.00    0.00  100.00
12:46:42       8    0.00    0.00    1.00    0.00    0.00    0.00    0.00    0.00   99.00
12:46:42       9    0.00    0.00    0.00    0.00    0.00    0.00    0.00    0.00  100.00
12:46:42      10    0.00    0.00    0.00    0.00    0.00    0.00    0.00    0.00  100.00
12:46:42      11    0.00    0.00    0.00    0.00    0.00    0.00    0.00    0.00  100.00
12:46:42      12    0.00    0.00    0.00    0.00    0.00    0.00    0.00    0.00  100.00
12:46:42      13    0.00    0.00    0.00    0.00    0.00    0.00    0.00    0.00  100.00
12:46:42      14    0.00    0.00    0.00    0.00    0.00    0.00    0.00    0.00  100.00
12:46:42      15    0.00    0.00    0.00    0.00    0.00    0.00    0.00    0.00  100.00
12:46:42      16    0.00    0.00    0.00    0.00    0.00    0.00    0.00    0.00  100.00
12:46:42      17    0.00    0.00    0.00    0.00    0.00    0.00    0.00    0.00  100.00
12:46:42      18    0.00    0.00    0.00    0.00    0.00    0.00    0.00    0.00  100.00
12:46:42      19    0.00    0.00    0.00    0.00    0.00    0.00    0.00    0.00  100.00
12:46:42      20    0.00    0.00    0.00    0.00    0.00    0.00    0.00    0.00  100.00
12:46:42      21    0.00    0.00    0.00    0.00    0.00    0.00    0.00    0.00  100.00
12:46:42      22    0.00    0.00    0.00    0.00    0.00    0.00    0.00    0.00  100.00
12:46:42      23    0.00    0.00    0.00    0.00    0.00    0.00    0.00    0.00  100.00
12:46:42      24    0.00    0.00    0.00    0.00    0.00    0.00    0.00    0.00  100.00
12:46:42      25    0.00    0.00    0.00    0.00    0.00    0.00    0.00    0.00  100.00
12:46:42      26    0.00    0.00    0.00    0.00    0.00    0.00    0.00    0.00  100.00
12:46:42      27    0.00    0.00    0.00    0.00    0.00    0.00    0.00    0.00  100.00
12:46:42      28    0.00    0.00    0.00    0.00    0.00    0.00    0.00    0.00  100.00
12:46:42      29    0.00    0.00    0.00    0.00    0.00    0.00    0.00    0.00  100.00
12:46:42      30    0.00    0.00    0.00    0.00    0.00    0.00    0.00    0.00  100.00
12:46:42      31    0.00    0.00    0.00    0.00    0.00    0.00    0.00    0.00  100.00

12:46:42     CPU    %usr   %nice    %sys %iowait    %irq   %soft  %steal  %guest   %idle
12:46:43     all    0.00    0.00    0.06    0.00    0.00    0.00    0.00    0.00   99.94
12:46:43       0    0.00    0.00    0.00    0.00    0.00    0.00    0.00    0.00  100.00
12:46:43       1    0.00    0.00    0.00    0.00    0.00    0.00    0.00    0.00  100.00
12:46:43       2    0.00    0.00    0.00    0.00    0.00    0.00    0.00    0.00  100.00
12:46:43       3    0.00    0.00    0.00    0.00    0.00    0.00    0.00    0.00  100.00
12:46:43       4    0.00    0.00    0.00    0.00    0.00    0.00    0.00    0.00  100.00
12:46:43       5    0.00    0.00    0.00    0.00    0.00    0.00    0.00    0.00  100.00
12:46:43       6    0.00    0.00    0.00    0.00    0.00    0.00    0.00    0.00  100.00
12:46:43       7    0.00    0.00    0.00    0.00    0.00    0.00    0.00    0.00  100.00
12:46:43       8    0.00    0.00    1.98    0.00    0.00    0.00    0.00    0.00   98.02
12:46:43       9    0.00    0.00    0.00    0.00    0.00    0.00    0.00    0.00  100.00
12:46:43      10    0.00    0.00    0.00    0.00    0.00    0.00    0.00    0.00  100.00
12:46:43      11    0.00    0.00    0.00    0.00    0.00    0.00    0.00    0.00  100.00
12:46:43      12    0.00    0.00    0.00    0.00    0.00    0.00    0.00    0.00  100.00
12:46:43      13    0.00    0.00    0.00    0.00    0.00    0.00    0.00    0.00  100.00
12:46:43      14    0.00    0.00    0.00    0.00    0.00    0.00    0.00    0.00  100.00
12:46:43      15    0.00    0.00    0.00    0.00    0.00    0.00    0.00    0.00  100.00
12:46:43      16    0.00    0.00    0.00    0.00    0.00    0.00    0.00    0.00  100.00
12:46:43      17    0.00    0.00    0.00    0.00    0.00    0.00    0.00    0.00  100.00
12:46:43      18    0.00    0.00    0.00    0.00    0.00    0.00    0.00    0.00  100.00
12:46:43      19    0.00    0.00    0.00    0.00    0.00    0.00    0.00    0.00  100.00
12:46:43      20    0.00    0.00    0.00    0.00    0.00    0.00    0.00    0.00  100.00
12:46:43      21    0.00    0.00    0.00    0.00    0.00    0.00    0.00    0.00  100.00
12:46:43      22    0.00    0.00    0.00    0.00    0.00    0.00    0.00    0.00  100.00
12:46:43      23    0.00    0.00    0.00    0.00    0.00    0.00    0.00    0.00  100.00
12:46:43      24    0.00    0.00    0.00    0.00    0.00    0.00    0.00    0.00  100.00
12:46:43      25    0.00    0.00    0.00    0.00    0.00    0.00    0.00    0.00  100.00
12:46:43      26    0.00    0.00    0.00    0.00    0.00    0.00    0.00    0.00  100.00
12:46:43      27    0.00    0.00    0.00    0.00    0.00    0.00    0.00    0.00  100.00
12:46:43      28    0.00    0.00    0.00    0.00    0.00    0.00    0.00    0.00  100.00
12:46:43      29    0.00    0.00    0.00    0.00    0.00    0.00    0.00    0.00  100.00
12:46:43      30    0.00    0.00    0.00    0.00    0.00    0.00    0.00    0.00  100.00
12:46:43      31    0.00    0.00    0.00    0.00    0.00    0.00    0.00    0.00  100.00

12:46:43     CPU    %usr   %nice    %sys %iowait    %irq   %soft  %steal  %guest   %idle
12:46:44     all    0.00    0.00    0.06    0.00    0.00    0.00    0.00    0.00   99.94
12:46:44       0    0.00    0.00    0.00    0.00    0.00    0.00    0.00    0.00  100.00
12:46:44       1    0.00    0.00    0.00    0.00    0.00    0.00    0.00    0.00  100.00
12:46:44       2    0.00    0.00    0.00    0.00    0.00    0.00    0.00    0.00  100.00
12:46:44       3    0.00    0.00    0.00    0.00    0.00    0.00    0.00    0.00  100.00
12:46:44       4    0.00    0.00    0.00    0.00    0.00    0.00    0.00    0.00  100.00
12:46:44       5    0.00    0.00    0.00    0.00    0.00    0.00    0.00    0.00  100.00
12:46:44       6    0.00    0.00    0.00    0.00    0.00    0.00    0.00    0.00  100.00
12:46:44       7    0.00    0.00    0.00    0.00    0.00    0.00    0.00    0.00  100.00
12:46:44       8    0.00    0.00    1.00    0.00    0.00    0.00    0.00    0.00   99.00
12:46:44       9    0.00    0.00    0.00    0.00    0.00    0.00    0.00    0.00  100.00
12:46:44      10    0.00    0.00    0.00    0.00    0.00    0.00    0.00    0.00  100.00
12:46:44      11    0.00    0.00    0.00    0.00    0.00    0.00    0.00    0.00  100.00
12:46:44      12    0.00    0.00    0.00    0.00    0.00    0.00    0.00    0.00  100.00
12:46:44      13    0.00    0.00    0.00    0.00    0.00    0.00    0.00    0.00  100.00
12:46:44      14    0.00    0.00    0.00    0.00    0.00    0.00    0.00    0.00  100.00
12:46:44      15    0.00    0.00    0.00    0.00    0.00    0.00    0.00    0.00  100.00
12:46:44      16    0.00    0.00    0.00    0.00    0.00    0.00    0.00    0.00  100.00
12:46:44      17    0.00    0.00    0.00    0.00    0.00    0.00    0.00    0.00  100.00
12:46:44      18    0.00    0.00    0.00    0.00    0.00    0.00    0.00    0.00  100.00
12:46:44      19    0.00    0.00    0.00    0.00    0.00    0.00    0.00    0.00  100.00
12:46:44      20    0.00    0.00    0.00    0.00    0.00    0.00    0.00    0.00  100.00
12:46:44      21    0.00    0.00    0.00    0.00    0.00    0.00    0.00    0.00  100.00
12:46:44      22    0.00    0.00    0.00    0.00    0.00    0.00    0.00    0.00  100.00
12:46:44      23    0.00    0.00    0.00    0.00    0.00    0.00    0.00    0.00  100.00
12:46:44      24    0.00    0.00    0.00    0.00    0.00    0.00    0.00    0.00  100.00
12:46:44      25    0.00    0.00    1.02    0.00    0.00    0.00    0.00    0.00   98.98
12:46:44      26    0.00    0.00    0.00    0.00    0.00    0.00    0.00    0.00  100.00
12:46:44      27    0.00    0.00    0.00    0.00    0.00    0.00    0.00    0.00  100.00
12:46:44      28    0.00    0.00    0.00    0.00    0.00    0.00    0.00    0.00  100.00
12:46:44      29    0.00    0.00    0.00    0.00    0.00    0.00    0.00    0.00  100.00
12:46:44      30    0.00    0.00    0.00    0.00    0.00    0.00    0.00    0.00  100.00
12:46:44      31    0.00    0.00    0.00    0.00    0.00    0.00    0.00    0.00  100.00

12:46:44     CPU    %usr   %nice    %sys %iowait    %irq   %soft  %steal  %guest   %idle
12:46:45     all    0.00    0.00    0.09    0.00    0.00    0.00    0.00    0.00   99.91
12:46:45       0    0.00    0.00    0.00    0.00    0.00    0.00    0.00    0.00  100.00
12:46:45       1    0.00    0.00    0.00    0.00    0.00    0.00    0.00    0.00  100.00
12:46:45       2    0.00    0.00    0.00    0.00    0.00    0.00    0.00    0.00  100.00
12:46:45       3    0.00    0.00    0.00    0.00    0.00    0.00    0.00    0.00  100.00
12:46:45       4    0.00    0.00    0.00    0.00    0.00    0.00    0.00    0.00  100.00
12:46:45       5    0.00    0.00    0.00    0.00    0.00    0.00    0.00    0.00  100.00
12:46:45       6    0.00    0.00    0.00    0.00    0.00    0.00    0.00    0.00  100.00
12:46:45       7    0.00    0.00    0.00    0.00    0.00    0.00    0.00    0.00  100.00
12:46:45       8    0.00    0.00    1.00    0.00    0.00    0.00    0.00    0.00   99.00
12:46:45       9    0.00    0.00    0.00    0.00    0.00    0.00    0.00    0.00  100.00
12:46:45      10    0.00    0.00    0.00    0.00    0.00    0.00    0.00    0.00  100.00
12:46:45      11    0.00    0.00    0.00    0.00    0.00    0.00    0.00    0.00  100.00
12:46:45      12    0.00    0.00    0.00    0.00    0.00    0.00    0.00    0.00  100.00
12:46:45      13    0.00    0.00    0.00    0.00    0.00    0.00    0.00    0.00  100.00
12:46:45      14    0.00    0.00    0.00    0.00    0.00    0.00    0.00    0.00  100.00
12:46:45      15    0.00    0.00    0.00    0.00    0.00    0.00    0.00    0.00  100.00
12:46:45      16    0.00    0.00    0.00    0.00    0.00    0.00    0.00    0.00  100.00
12:46:45      17    0.00    0.00    0.00    0.00    0.00    0.00    0.00    0.00  100.00
12:46:45      18    0.00    0.00    0.00    0.00    0.00    0.00    0.00    0.00  100.00
12:46:45      19    0.00    0.00    0.00    0.00    0.00    0.00    0.00    0.00  100.00
12:46:45      20    0.00    0.00    0.00    0.00    0.00    0.00    0.00    0.00  100.00
12:46:45      21    0.00    0.00    0.00    0.00    0.00    0.00    0.00    0.00  100.00
12:46:45      22    0.00    0.00    0.00    0.00    0.00    0.00    0.00    0.00  100.00
12:46:45      23    0.00    0.00    0.00    0.00    0.00    0.00    0.00    0.00  100.00
12:46:45      24    0.00    0.00    0.00    0.00    0.00    0.00    0.00    0.00  100.00
12:46:45      25    0.00    0.00    2.02    0.00    0.00    0.00    0.00    0.00   97.98
12:46:45      26    0.00    0.00    0.00    0.00    0.00    0.00    0.00    0.00  100.00
12:46:45      27    0.00    0.00    0.00    0.00    0.00    0.00    0.00    0.00  100.00
12:46:45      28    0.00    0.00    0.00    0.00    0.00    0.00    0.00    0.00  100.00
12:46:45      29    0.00    0.00    0.00    0.00    0.00    0.00    0.00    0.00  100.00
12:46:45      30    0.00    0.00    0.00    0.00    0.00    0.00    0.00    0.00  100.00
12:46:45      31    0.00    0.00    0.00    0.00    0.00    0.00    0.00    0.00  100.00

12:46:45     CPU    %usr   %nice    %sys %iowait    %irq   %soft  %steal  %guest   %idle
12:46:46     all    0.03    0.00    0.06    0.00    0.00    0.00    0.00    0.00   99.91
12:46:46       0    0.00    0.00    0.00    0.00    0.00    0.00    0.00    0.00  100.00
12:46:46       1    0.00    0.00    0.00    0.00    0.00    0.00    0.00    0.00  100.00
12:46:46       2    0.00    0.00    0.00    0.00    0.00    0.00    0.00    0.00  100.00
12:46:46       3    0.00    0.00    0.00    0.00    0.00    0.00    0.00    0.00  100.00
12:46:46       4    0.00    0.00    0.00    0.00    0.00    0.00    0.00    0.00  100.00
12:46:46       5    0.00    0.00    0.00    0.00    0.00    0.00    0.00    0.00  100.00
12:46:46       6    0.00    0.00    0.00    0.00    0.00    0.00    0.00    0.00  100.00
12:46:46       7    0.00    0.00    0.00    0.00    0.00    0.00    0.00    0.00  100.00
12:46:46       8    0.00    0.00    1.00    0.00    0.00    0.00    0.00    0.00   99.00
12:46:46       9    0.00    0.00    0.00    0.00    0.00    0.00    0.00    0.00  100.00
12:46:46      10    0.00    0.00    0.00    0.00    0.00    0.00    0.00    0.00  100.00
12:46:46      11    0.00    0.00    0.00    0.00    0.00    0.00    0.00    0.00  100.00
12:46:46      12    0.00    0.00    0.00    0.00    0.00    0.00    0.00    0.00  100.00
12:46:46      13    0.00    0.00    0.00    0.00    0.00    0.00    0.00    0.00  100.00
12:46:46      14    0.00    0.00    0.00    0.00    0.00    0.00    0.00    0.00  100.00
12:46:46      15    0.00    0.00    0.00    0.00    0.00    0.00    0.00    0.00  100.00
12:46:46      16    0.00    0.00    0.00    0.00    0.00    0.00    0.00    0.00  100.00
12:46:46      17    0.00    0.00    0.00    0.00    0.00    0.00    0.00    0.00  100.00
12:46:46      18    0.00    0.00    0.00    0.00    0.00    0.00    0.00    0.00  100.00
12:46:46      19    0.00    0.00    0.00    0.00    0.00    0.00    0.00    0.00  100.00
12:46:46      20    0.00    0.00    0.00    0.00    0.00    0.00    0.00    0.00  100.00
12:46:46      21    0.00    0.00    0.00    0.00    0.00    0.00    0.00    0.00  100.00
12:46:46      22    0.00    0.00    0.00    0.00    0.00    0.00    0.00    0.00  100.00
12:46:46      23    0.00    0.00    0.00    0.00    0.00    0.00    0.00    0.00  100.00
12:46:46      24    0.00    0.00    0.00    0.00    0.00    0.00    0.00    0.00  100.00
12:46:46      25    0.00    0.00    0.00    0.00    0.00    0.00    0.00    0.00  100.00
12:46:46      26    0.00    0.00    0.00    0.00    0.00    0.00    0.00    0.00  100.00
12:46:46      27    0.00    0.00    0.00    0.00    0.00    0.00    0.00    0.00  100.00
12:46:46      28    0.00    0.00    0.00    0.00    0.00    0.00    0.00    0.00  100.00
12:46:46      29    0.00    0.00    0.00    0.00    0.00    0.00    0.00    0.00  100.00
12:46:46      30    0.00    0.00    0.00    0.00    0.00    0.00    0.00    0.00  100.00
12:46:46      31    0.00    0.00    0.00    0.00    0.00    0.00    0.00    0.00  100.00

12:46:46     CPU    %usr   %nice    %sys %iowait    %irq   %soft  %steal  %guest   %idle
12:46:47     all    0.00    0.00    0.06    0.00    0.00    0.00    0.00    0.00   99.94
12:46:47       0    0.00    0.00    0.00    0.00    0.00    0.00    0.00    0.00  100.00
12:46:47       1    0.00    0.00    0.00    0.00    0.00    0.00    0.00    0.00  100.00
12:46:47       2    0.00    0.00    0.00    0.00    0.00    0.00    0.00    0.00  100.00
12:46:47       3    0.00    0.00    0.00    0.00    0.00    0.00    0.00    0.00  100.00
12:46:47       4    0.00    0.00    0.00    0.00    0.00    0.00    0.00    0.00  100.00
12:46:47       5    0.00    0.00    0.00    0.00    0.00    0.00    0.00    0.00  100.00
12:46:47       6    0.00    0.00    0.00    0.00    0.00    0.00    0.00    0.00  100.00
12:46:47       7    0.00    0.00    0.00    0.00    0.00    0.00    0.00    0.00  100.00
12:46:47       8    0.00    0.00    1.01    0.00    0.00    0.00    0.00    0.00   98.99
12:46:47       9    0.00    0.00    0.00    0.00    0.00    0.00    0.00    0.00  100.00
12:46:47      10    0.00    0.00    0.00    0.00    0.00    0.00    0.00    0.00  100.00
12:46:47      11    0.00    0.00    0.00    0.00    0.00    0.00    0.00    0.00  100.00
12:46:47      12    0.00    0.00    0.00    0.00    0.00    0.00    0.00    0.00  100.00
12:46:47      13    0.00    0.00    0.00    0.00    0.00    0.00    0.00    0.00  100.00
12:46:47      14    0.00    0.00    0.00    0.00    0.00    0.00    0.00    0.00  100.00
12:46:47      15    0.00    0.00    0.00    0.00    0.00    0.00    0.00    0.00  100.00
12:46:47      16    0.00    0.00    0.00    0.00    0.00    0.00    0.00    0.00  100.00
12:46:47      17    0.00    0.00    0.00    0.00    0.00    0.00    0.00    0.00  100.00
12:46:47      18    0.00    0.00    0.00    0.00    0.00    0.00    0.00    0.00  100.00
12:46:47      19    0.00    0.00    0.00    0.00    0.00    0.00    0.00    0.00  100.00
12:46:47      20    0.00    0.00    0.00    0.00    0.00    0.00    0.00    0.00  100.00
12:46:47      21    0.00    0.00    0.00    0.00    0.00    0.00    0.00    0.00  100.00
12:46:47      22    0.00    0.00    0.00    0.00    0.00    0.00    0.00    0.00  100.00
12:46:47      23    0.00    0.00    0.00    0.00    0.00    0.00    0.00    0.00  100.00
12:46:47      24    0.00    0.00    0.00    0.00    0.00    0.00    0.00    0.00  100.00
12:46:47      25    0.00    0.00    1.02    0.00    0.00    0.00    0.00    0.00   98.98
12:46:47      26    0.00    0.00    0.00    0.00    0.00    0.00    0.00    0.00  100.00
12:46:47      27    0.00    0.00    0.00    0.00    0.00    0.00    0.00    0.00  100.00
12:46:47      28    0.00    0.00    0.00    0.00    0.00    0.00    0.00    0.00  100.00
12:46:47      29    0.00    0.00    0.00    0.00    0.00    0.00    0.00    0.00  100.00
12:46:47      30    0.00    0.00    0.00    0.00    0.00    0.00    0.00    0.00  100.00
12:46:47      31    0.00    0.00    0.00    0.00    0.00    0.00    0.00    0.00  100.00

12:46:47     CPU    %usr   %nice    %sys %iowait    %irq   %soft  %steal  %guest   %idle
12:46:48     all    0.00    0.00    0.09    0.00    0.00    0.00    0.00    0.00   99.91
12:46:48       0    0.00    0.00    0.00    0.00    0.00    0.00    0.00    0.00  100.00
12:46:48       1    0.00    0.00    0.00    0.00    0.00    0.00    0.00    0.00  100.00
12:46:48       2    0.00    0.00    0.00    0.00    0.00    0.00    0.00    0.00  100.00
12:46:48       3    0.00    0.00    0.00    0.00    0.00    0.00    0.00    0.00  100.00
12:46:48       4    0.00    0.00    0.00    0.00    0.00    0.00    0.00    0.00  100.00
12:46:48       5    0.00    0.00    0.00    0.00    0.00    0.00    0.00    0.00  100.00
12:46:48       6    0.00    0.00    0.00    0.00    0.00    0.00    0.00    0.00  100.00
12:46:48       7    0.00    0.00    0.00    0.00    0.00    0.00    0.00    0.00  100.00
12:46:48       8    0.00    0.00    0.00    0.00    0.00    0.00    0.00    0.00  100.00
12:46:48       9    0.00    0.00    2.00    0.00    0.00    0.00    0.00    0.00   98.00
12:46:48      10    0.00    0.00    0.00    0.00    0.00    0.00    0.00    0.00  100.00
12:46:48      11    0.00    0.00    0.00    0.00    0.00    0.00    0.00    0.00  100.00
12:46:48      12    0.00    0.00    0.00    0.00    0.00    0.00    0.00    0.00  100.00
12:46:48      13    0.00    0.00    0.00    0.00    0.00    0.00    0.00    0.00  100.00
12:46:48      14    0.00    0.00    0.00    0.00    0.00    0.00    0.00    0.00  100.00
12:46:48      15    0.00    0.00    0.00    0.00    0.00    0.00    0.00    0.00  100.00
12:46:48      16    0.00    0.00    0.00    0.00    0.00    0.00    0.00    0.00  100.00
12:46:48      17    0.00    0.00    0.00    0.00    0.00    0.00    0.00    0.00  100.00
12:46:48      18    0.00    0.00    0.00    0.00    0.00    0.00    0.00    0.00  100.00
12:46:48      19    0.00    0.00    0.00    0.00    0.00    0.00    0.00    0.00  100.00
12:46:48      20    0.00    0.00    0.00    0.00    0.00    0.00    0.00    0.00  100.00
12:46:48      21    0.00    0.00    0.00    0.00    0.00    0.00    0.00    0.00  100.00
12:46:48      22    0.00    0.00    0.00    0.00    0.00    0.00    0.00    0.00  100.00
12:46:48      23    0.00    0.00    0.00    0.00    0.00    0.00    0.00    0.00  100.00
12:46:48      24    0.00    0.00    0.00    0.00    0.00    0.00    0.00    0.00  100.00
12:46:48      25    0.00    0.00    1.01    0.00    0.00    0.00    0.00    0.00   98.99
12:46:48      26    0.00    0.00    0.00    0.00    0.00    0.00    0.00    0.00  100.00
12:46:48      27    0.00    0.00    0.00    0.00    0.00    0.00    0.00    0.00  100.00
12:46:48      28    0.00    0.00    0.00    0.00    0.00    0.00    0.00    0.00  100.00
12:46:48      29    0.00    0.00    0.00    0.00    0.00    0.00    0.00    0.00  100.00
12:46:48      30    0.00    0.00    0.00    0.00    0.00    0.00    0.00    0.00  100.00
12:46:48      31    0.00    0.00    0.00    0.00    0.00    0.00    0.00    0.00  100.00

12:46:48     CPU    %usr   %nice    %sys %iowait    %irq   %soft  %steal  %guest   %idle
12:46:49     all    0.00    0.00    0.06    0.00    0.00    0.00    0.00    0.00   99.94
12:46:49       0    0.00    0.00    0.00    0.00    0.00    0.00    0.00    0.00  100.00
12:46:49       1    0.00    0.00    0.00    0.00    0.00    0.00    0.00    0.00  100.00
12:46:49       2    0.00    0.00    0.00    0.00    0.00    0.00    0.00    0.00  100.00
12:46:49       3    0.00    0.00    0.00    0.00    0.00    0.00    0.00    0.00  100.00
12:46:49       4    0.00    0.00    0.00    0.00    0.00    0.00    0.00    0.00  100.00
12:46:49       5    0.00    0.00    0.00    0.00    0.00    0.00    0.00    0.00  100.00
12:46:49       6    0.00    0.00    0.00    0.00    0.00    0.00    0.00    0.00  100.00
12:46:49       7    0.00    0.00    0.00    0.00    0.00    0.00    0.00    0.00  100.00
12:46:49       8    0.00    0.00    0.00    0.00    0.00    0.00    0.00    0.00  100.00
12:46:49       9    0.00    0.00    0.00    0.00    0.00    0.00    0.00    0.00  100.00
12:46:49      10    0.00    0.00    0.00    0.00    0.00    0.00    0.00    0.00  100.00
12:46:49      11    0.00    0.00    0.00    0.00    0.00    0.00    0.00    0.00  100.00
12:46:49      12    0.00    0.00    0.00    0.00    0.00    0.00    0.00    0.00  100.00
12:46:49      13    0.00    0.00    0.00    0.00    0.00    0.00    0.00    0.00  100.00
12:46:49      14    0.00    0.00    0.00    0.00    0.00    0.00    0.00    0.00  100.00
12:46:49      15    0.00    0.00    0.00    0.00    0.00    0.00    0.00    0.00  100.00
12:46:49      16    0.00    0.00    0.00    0.00    0.00    0.00    0.00    0.00  100.00
12:46:49      17    0.00    0.00    0.00    0.00    0.00    0.00    0.00    0.00  100.00
12:46:49      18    0.00    0.00    0.00    0.00    0.00    0.00    0.00    0.00  100.00
12:46:49      19    0.00    0.00    0.00    0.00    0.00    0.00    0.00    0.00  100.00
12:46:49      20    0.00    0.00    0.00    0.00    0.00    0.00    0.00    0.00  100.00
12:46:49      21    0.00    0.00    0.00    0.00    0.00    0.00    0.00    0.00  100.00
12:46:49      22    0.00    0.00    0.00    0.00    0.00    0.00    0.00    0.00  100.00
12:46:49      23    0.00    0.00    0.00    0.00    0.00    0.00    0.00    0.00  100.00
12:46:49      24    0.00    0.00    0.00    0.00    0.00    0.00    0.00    0.00  100.00
12:46:49      25    0.00    0.00    1.01    0.00    0.00    0.00    0.00    0.00   98.99
12:46:49      26    0.00    0.00    0.00    0.00    0.00    0.00    0.00    0.00  100.00
12:46:49      27    0.00    0.00    0.00    0.00    0.00    0.00    0.00    0.00  100.00
12:46:49      28    0.00    0.00    0.00    0.00    0.00    0.00    0.00    0.00  100.00
12:46:49      29    0.00    0.00    0.00    0.00    0.00    0.00    0.00    0.00  100.00
12:46:49      30    0.00    0.00    0.00    0.00    0.00    0.00    0.00    0.00  100.00
12:46:49      31    0.00    0.00    0.00    0.00    0.00    0.00    0.00    0.00  100.00

12:46:49     CPU    %usr   %nice    %sys %iowait    %irq   %soft  %steal  %guest   %idle
12:46:50     all    0.00    0.00    0.09    0.00    0.00    0.00    0.00    0.00   99.91
12:46:50       0    0.00    0.00    0.00    0.00    0.00    0.00    0.00    0.00  100.00
12:46:50       1    0.00    0.00    0.00    0.00    0.00    0.00    0.00    0.00  100.00
12:46:50       2    0.00    0.00    0.00    0.00    0.00    0.00    0.00    0.00  100.00
12:46:50       3    0.00    0.00    0.00    0.00    0.00    0.00    0.00    0.00  100.00
12:46:50       4    0.00    0.00    0.00    0.00    0.00    0.00    0.00    0.00  100.00
12:46:50       5    0.00    0.00    0.00    0.00    0.00    0.00    0.00    0.00  100.00
12:46:50       6    0.00    0.00    0.00    0.00    0.00    0.00    0.00    0.00  100.00
12:46:50       7    0.00    0.00    0.00    0.00    0.00    0.00    0.00    0.00  100.00
12:46:50       8    0.00    0.00    0.00    0.00    0.00    0.00    0.00    0.00  100.00
12:46:50       9    0.00    0.00    2.02    0.00    0.00    0.00    0.00    0.00   97.98
12:46:50      10    0.00    0.00    0.00    0.00    0.00    0.00    0.00    0.00  100.00
12:46:50      11    0.00    0.00    0.00    0.00    0.00    0.00    0.00    0.00  100.00
12:46:50      12    0.00    0.00    0.00    0.00    0.00    0.00    0.00    0.00  100.00
12:46:50      13    0.00    0.00    0.00    0.00    0.00    0.00    0.00    0.00  100.00
12:46:50      14    0.00    0.00    0.00    0.00    0.00    0.00    0.00    0.00  100.00
12:46:50      15    0.00    0.00    0.00    0.00    0.00    0.00    0.00    0.00  100.00
12:46:50      16    0.00    0.00    0.00    0.00    0.00    0.00    0.00    0.00  100.00
12:46:50      17    0.00    0.00    0.00    0.00    0.00    0.00    0.00    0.00  100.00
12:46:50      18    0.00    0.00    0.00    0.00    0.00    0.00    0.00    0.00  100.00
12:46:50      19    0.00    0.00    0.00    0.00    0.00    0.00    0.00    0.00  100.00
12:46:50      20    0.00    0.00    0.00    0.00    0.00    0.00    0.00    0.00  100.00
12:46:50      21    0.00    0.00    0.00    0.00    0.00    0.00    0.00    0.00  100.00
12:46:50      22    0.00    0.00    0.00    0.00    0.00    0.00    0.00    0.00  100.00
12:46:50      23    0.00    0.00    0.00    0.00    0.00    0.00    0.00    0.00  100.00
12:46:50      24    0.00    0.00    0.00    0.00    0.00    0.00    0.00    0.00  100.00
12:46:50      25    0.00    0.00    1.01    0.00    0.00    0.00    0.00    0.00   98.99
12:46:50      26    0.00    0.00    0.00    0.00    0.00    0.00    0.00    0.00  100.00
12:46:50      27    0.00    0.00    0.00    0.00    0.00    0.00    0.00    0.00  100.00
12:46:50      28    0.00    0.00    0.00    0.00    0.00    0.00    0.00    0.00  100.00
12:46:50      29    0.00    0.00    0.00    0.00    0.00    0.00    0.00    0.00  100.00
12:46:50      30    0.00    0.00    0.00    0.00    0.00    0.00    0.00    0.00  100.00
12:46:50      31    0.00    0.00    0.00    0.00    0.00    0.00    0.00    0.00  100.00

12:46:50     CPU    %usr   %nice    %sys %iowait    %irq   %soft  %steal  %guest   %idle
12:46:51     all    0.00    0.00    0.06    0.00    0.00    0.00    0.00    0.00   99.94
12:46:51       0    0.00    0.00    0.00    0.00    0.00    0.00    0.00    0.00  100.00
12:46:51       1    0.00    0.00    0.00    0.00    0.00    0.00    0.00    0.00  100.00
12:46:51       2    0.00    0.00    0.00    0.00    0.00    0.00    0.00    0.00  100.00
12:46:51       3    0.00    0.00    0.00    0.00    0.00    0.00    0.00    0.00  100.00
12:46:51       4    0.00    0.00    0.00    0.00    0.00    0.00    0.00    0.00  100.00
12:46:51       5    0.00    0.00    0.00    0.00    0.00    0.00    0.00    0.00  100.00
12:46:51       6    0.00    0.00    0.00    0.00    0.00    0.00    0.00    0.00  100.00
12:46:51       7    0.00    0.00    0.99    0.00    0.00    0.00    0.00    0.00   99.01
12:46:51       8    0.00    0.00    0.99    0.00    0.00    0.00    0.00    0.00   99.01
12:46:51       9    0.00    0.00    1.00    0.00    0.00    0.00    0.00    0.00   99.00
12:46:51      10    0.00    0.00    0.00    0.00    0.00    0.00    0.00    0.00  100.00
12:46:51      11    0.00    0.00    0.00    0.00    0.00    0.00    0.00    0.00  100.00
12:46:51      12    0.00    0.00    0.00    0.00    0.00    0.00    0.00    0.00  100.00
12:46:51      13    0.00    0.00    0.00    0.00    0.00    0.00    0.00    0.00  100.00
12:46:51      14    0.00    0.00    0.00    0.00    0.00    0.00    0.00    0.00  100.00
12:46:51      15    0.00    0.00    0.00    0.00    0.00    0.00    0.00    0.00  100.00
12:46:51      16    0.00    0.00    0.00    0.00    0.00    0.00    0.00    0.00  100.00
12:46:51      17    0.00    0.00    0.00    0.00    0.00    0.00    0.00    0.00  100.00
12:46:51      18    0.99    0.00    0.00    0.00    0.00    0.00    0.00    0.00   99.01
12:46:51      19    0.00    0.00    0.00    0.00    0.00    0.00    0.00    0.00  100.00
12:46:51      20    0.00    0.00    0.00    0.00    0.00    0.00    0.00    0.00  100.00
12:46:51      21    0.00    0.00    0.00    0.00    0.00    0.00    0.00    0.00  100.00
12:46:51      22    0.00    0.00    0.00    0.00    0.00    0.00    0.00    0.00  100.00
12:46:51      23    0.00    0.00    0.00    0.00    0.00    0.00    0.00    0.00  100.00
12:46:51      24    0.00    0.00    0.00    0.00    0.00    0.00    0.00    0.00  100.00
12:46:51      25    1.00    0.00    1.00    0.00    0.00    0.00    0.00    0.00   98.00
12:46:51      26    0.00    0.00    0.00    0.00    0.00    0.00    0.00    0.00  100.00
12:46:51      27    0.00    0.00    0.00    0.00    0.00    0.00    0.00    0.00  100.00
12:46:51      28    0.00    0.00    0.00    0.00    0.00    0.00    0.00    0.00  100.00
12:46:51      29    0.00    0.00    0.00    0.00    0.00    0.00    0.00    0.00  100.00
12:46:51      30    0.00    0.00    0.00    0.00    0.00    0.00    0.00    0.00  100.00
12:46:51      31    0.00    0.00    0.00    0.00    0.00    0.00    0.00    0.00  100.00

12:46:51     CPU    %usr   %nice    %sys %iowait    %irq   %soft  %steal  %guest   %idle
12:46:52     all    0.03    0.00    0.09    0.00    0.00    0.00    0.00    0.00   99.87
12:46:52       0    0.00    0.00    0.00    0.00    0.00    0.00    0.00    0.00  100.00
12:46:52       1    0.00    0.00    0.00    0.00    0.00    0.00    0.00    0.00  100.00
12:46:52       2    0.00    0.00    0.00    0.00    0.00    0.00    0.00    0.00  100.00
12:46:52       3    0.00    0.00    0.00    0.00    0.00    0.00    0.00    0.00  100.00
12:46:52       4    0.00    0.00    0.00    0.00    0.00    0.00    0.00    0.00  100.00
12:46:52       5    0.00    0.00    0.00    0.00    0.00    0.00    0.00    0.00  100.00
12:46:52       6    0.00    0.00    0.00    0.00    0.00    0.00    0.00    0.00  100.00
12:46:52       7    0.00    0.00    0.00    0.00    0.00    0.00    0.00    0.00  100.00
12:46:52       8    0.00    0.00    0.00    0.00    0.00    0.00    0.00    0.00  100.00
12:46:52       9    0.00    0.00    1.01    0.00    0.00    0.00    0.00    0.00   98.99
12:46:52      10    0.00    0.00    0.00    0.00    0.00    0.00    0.00    0.00  100.00
12:46:52      11    0.00    0.00    0.00    0.00    0.00    0.00    0.00    0.00  100.00
12:46:52      12    0.00    0.00    0.99    0.00    0.00    0.00    0.00    0.00   99.01
12:46:52      13    0.00    0.00    0.00    0.00    0.00    0.00    0.00    0.00  100.00
12:46:52      14    0.00    0.00    0.00    0.00    0.00    0.00    0.00    0.00  100.00
12:46:52      15    0.00    0.00    0.00    0.00    0.00    0.00    0.00    0.00  100.00
12:46:52      16    0.00    0.00    0.00    0.00    0.00    0.00    0.00    0.00  100.00
12:46:52      17    0.00    0.00    0.99    0.00    0.00    0.00    0.00    0.00   99.01
12:46:52      18    0.00    0.00    0.00    0.00    0.00    0.00    0.00    0.00  100.00
12:46:52      19    0.00    0.00    0.00    0.00    0.00    0.00    0.00    0.00  100.00
12:46:52      20    0.00    0.00    0.00    0.00    0.00    0.00    0.00    0.00  100.00
12:46:52      21    0.00    0.00    0.00    0.00    0.00    0.00    0.00    0.00  100.00
12:46:52      22    0.00    0.00    0.00    0.00    0.00    0.00    0.00    0.00  100.00
12:46:52      23    0.00    0.00    0.00    0.00    0.00    0.00    0.00    0.00  100.00
12:46:52      24    0.00    0.00    0.00    0.00    0.00    0.00    0.00    0.00  100.00
12:46:52      25    0.00    0.00    0.00    0.00    0.00    0.00    0.00    0.00  100.00
12:46:52      26    0.00    0.00    0.00    0.00    0.00    0.00    0.00    0.00  100.00
12:46:52      27    0.00    0.00    0.00    0.00    0.00    0.00    0.00    0.00  100.00
12:46:52      28    0.00    0.00    0.00    0.00    0.00    0.00    0.00    0.00  100.00
12:46:52      29    0.00    0.00    0.00    0.00    0.00    0.00    0.00    0.00  100.00
12:46:52      30    0.00    0.00    0.00    0.00    0.00    0.00    0.00    0.00  100.00
12:46:52      31    0.00    0.00    0.00    0.00    0.00    0.00    0.00    0.00  100.00

12:46:52     CPU    %usr   %nice    %sys %iowait    %irq   %soft  %steal  %guest   %idle
12:46:53     all    0.00    0.00    0.06    0.00    0.00    0.00    0.00    0.00   99.94
12:46:53       0    0.00    0.00    0.00    0.00    0.00    0.00    0.00    0.00  100.00
12:46:53       1    0.00    0.00    0.00    0.00    0.00    0.00    0.00    0.00  100.00
12:46:53       2    0.00    0.00    0.00    0.00    0.00    0.00    0.00    0.00  100.00
12:46:53       3    0.00    0.00    0.00    0.00    0.00    0.00    0.00    0.00  100.00
12:46:53       4    0.00    0.00    0.00    0.00    0.00    0.00    0.00    0.00  100.00
12:46:53       5    0.00    0.00    0.00    0.00    0.00    0.00    0.00    0.00  100.00
12:46:53       6    0.00    0.00    0.00    0.00    0.00    0.00    0.00    0.00  100.00
12:46:53       7    0.00    0.00    0.00    0.00    0.00    0.00    0.00    0.00  100.00
12:46:53       8    0.00    0.00    0.00    0.00    0.00    0.00    0.00    0.00  100.00
12:46:53       9    0.99    0.00    0.99    0.00    0.00    0.00    0.00    0.00   98.02
12:46:53      10    0.00    0.00    0.00    0.00    0.00    0.00    0.00    0.00  100.00
12:46:53      11    0.00    0.00    0.00    0.00    0.00    0.00    0.00    0.00  100.00
12:46:53      12    0.00    0.00    0.00    0.00    0.00    0.00    0.00    0.00  100.00
12:46:53      13    0.00    0.00    0.00    0.00    0.00    0.00    0.00    0.00  100.00
12:46:53      14    0.00    0.00    0.00    0.00    0.00    0.00    0.00    0.00  100.00
12:46:53      15    0.00    0.00    0.00    0.00    0.00    0.00    0.00    0.00  100.00
12:46:53      16    0.00    0.00    0.00    0.00    0.00    0.00    0.00    0.00  100.00
12:46:53      17    0.00    0.00    0.00    0.00    0.00    0.00    0.00    0.00  100.00
12:46:53      18    0.00    0.00    0.00    0.00    0.00    0.00    0.00    0.00  100.00
12:46:53      19    0.00    0.00    0.00    0.00    0.00    0.00    0.00    0.00  100.00
12:46:53      20    0.00    0.00    0.00    0.00    0.00    0.00    0.00    0.00  100.00
12:46:53      21    0.00    0.00    0.00    0.00    0.00    0.00    0.00    0.00  100.00
12:46:53      22    0.00    0.00    0.00    0.00    0.00    0.00    0.00    0.00  100.00
12:46:53      23    0.00    0.00    0.00    0.00    0.00    0.00    0.00    0.00  100.00
12:46:53      24    0.00    0.00    0.00    0.00    0.00    0.00    0.00    0.00  100.00
12:46:53      25    0.00    0.00    1.02    0.00    0.00    0.00    0.00    0.00   98.98
12:46:53      26    0.00    0.00    1.00    0.00    0.00    0.00    0.00    0.00   99.00
12:46:53      27    0.00    0.00    0.00    0.00    0.00    0.00    0.00    0.00  100.00
12:46:53      28    0.00    0.00    0.00    0.00    0.00    0.00    0.00    0.00  100.00
12:46:53      29    0.00    0.00    0.00    0.00    0.00    0.00    0.00    0.00  100.00
12:46:53      30    0.00    0.00    0.00    0.00    0.00    0.00    0.00    0.00  100.00
12:46:53      31    0.00    0.00    0.00    0.00    0.00    0.00    0.00    0.00  100.00

12:46:53     CPU    %usr   %nice    %sys %iowait    %irq   %soft  %steal  %guest   %idle
12:46:54     all    0.00    0.00    0.06    0.00    0.00    0.00    0.00    0.00   99.94
12:46:54       0    0.00    0.00    0.00    0.00    0.00    0.00    0.00    0.00  100.00
12:46:54       1    0.00    0.00    0.00    0.00    0.00    0.00    0.00    0.00  100.00
12:46:54       2    0.00    0.00    0.00    0.00    0.00    0.00    0.00    0.00  100.00
12:46:54       3    0.00    0.00    0.00    0.00    0.00    0.00    0.00    0.00  100.00
12:46:54       4    0.00    0.00    0.00    0.00    0.00    0.00    0.00    0.00  100.00
12:46:54       5    0.00    0.00    0.00    0.00    0.00    0.00    0.00    0.00  100.00
12:46:54       6    0.00    0.00    0.00    0.00    0.00    0.00    0.00    0.00  100.00
12:46:54       7    0.00    0.00    0.00    0.00    0.00    0.00    0.00    0.00  100.00
12:46:54       8    0.00    0.00    0.00    0.00    0.00    0.00    0.00    0.00  100.00
12:46:54       9    0.00    0.00    1.98    0.00    0.00    0.00    0.00    0.00   98.02
12:46:54      10    0.00    0.00    0.00    0.00    0.00    0.00    0.00    0.00  100.00
12:46:54      11    0.00    0.00    0.00    0.00    0.00    0.00    0.00    0.00  100.00
12:46:54      12    0.00    0.00    0.00    0.00    0.00    0.00    0.00    0.00  100.00
12:46:54      13    0.00    0.00    0.00    0.00    0.00    0.00    0.00    0.00  100.00
12:46:54      14    0.00    0.00    0.00    0.00    0.00    0.00    0.00    0.00  100.00
12:46:54      15    0.00    0.00    0.00    0.00    0.00    0.00    0.00    0.00  100.00
12:46:54      16    0.00    0.00    0.00    0.00    0.00    0.00    0.00    0.00  100.00
12:46:54      17    0.00    0.00    0.00    0.00    0.00    0.00    0.00    0.00  100.00
12:46:54      18    0.00    0.00    0.00    0.00    0.00    0.00    0.00    0.00  100.00
12:46:54      19    0.00    0.00    0.00    0.00    0.00    0.00    0.00    0.00  100.00
12:46:54      20    0.00    0.00    0.00    0.00    0.00    0.00    0.00    0.00  100.00
12:46:54      21    0.00    0.00    0.00    0.00    0.00    0.00    0.00    0.00  100.00
12:46:54      22    0.00    0.00    0.00    0.00    0.00    0.00    0.00    0.00  100.00
12:46:54      23    0.00    0.00    0.00    0.00    0.00    0.00    0.00    0.00  100.00
12:46:54      24    0.00    0.00    0.00    0.00    0.00    0.00    0.00    0.00  100.00
12:46:54      25    0.00    0.00    1.02    0.00    0.00    0.00    0.00    0.00   98.98
12:46:54      26    0.99    0.00    0.00    0.00    0.00    0.00    0.00    0.00   99.01
12:46:54      27    0.00    0.00    0.00    0.00    0.00    0.00    0.00    0.00  100.00
12:46:54      28    0.00    0.00    0.00    0.00    0.00    0.00    0.00    0.00  100.00
12:46:54      29    0.00    0.00    0.00    0.00    0.00    0.00    0.00    0.00  100.00
12:46:54      30    0.00    0.00    0.00    0.00    0.00    0.00    0.00    0.00  100.00
12:46:54      31    0.00    0.00    0.00    0.00    0.00    0.00    0.00    0.00  100.00

12:46:54     CPU    %usr   %nice    %sys %iowait    %irq   %soft  %steal  %guest   %idle
12:46:55     all    0.03    0.00    0.06    0.00    0.00    0.00    0.00    0.00   99.91
12:46:55       0    0.00    0.00    0.00    0.00    0.00    0.00    0.00    0.00  100.00
12:46:55       1    0.00    0.00    0.00    0.00    0.00    0.00    0.00    0.00  100.00
12:46:55       2    0.00    0.00    0.00    0.00    0.00    0.00    0.00    0.00  100.00
12:46:55       3    0.00    0.00    0.00    0.00    0.00    0.00    0.00    0.00  100.00
12:46:55       4    0.00    0.00    0.00    0.00    0.00    0.00    0.00    0.00  100.00
12:46:55       5    0.00    0.00    0.00    0.00    0.00    0.00    0.00    0.00  100.00
12:46:55       6    0.00    0.00    0.00    0.00    0.00    0.00    0.00    0.00  100.00
12:46:55       7    0.00    0.00    0.00    0.00    0.00    0.00    0.00    0.00  100.00
12:46:55       8    0.00    0.00    0.00    0.00    0.00    0.00    0.00    0.00  100.00
12:46:55       9    0.00    0.00    1.00    0.00    0.00    0.00    0.00    0.00   99.00
12:46:55      10    0.00    0.00    0.00    0.00    0.00    0.00    0.00    0.00  100.00
12:46:55      11    0.00    0.00    0.00    0.00    0.00    0.00    0.00    0.00  100.00
12:46:55      12    0.00    0.00    0.00    0.00    0.00    0.00    0.00    0.00  100.00
12:46:55      13    0.00    0.00    0.00    0.00    0.00    0.00    0.00    0.00  100.00
12:46:55      14    0.00    0.00    0.00    0.00    0.00    0.00    0.00    0.00  100.00
12:46:55      15    0.00    0.00    0.00    0.00    0.00    0.00    0.00    0.00  100.00
12:46:55      16    0.00    0.00    0.00    0.00    0.00    0.00    0.00    0.00  100.00
12:46:55      17    0.00    0.00    0.00    0.00    0.00    0.00    0.00    0.00  100.00
12:46:55      18    0.00    0.00    0.00    0.00    0.00    0.00    0.00    0.00  100.00
12:46:55      19    0.00    0.00    0.00    0.00    0.00    0.00    0.00    0.00  100.00
12:46:55      20    0.00    0.00    0.00    0.00    0.00    0.00    0.00    0.00  100.00
12:46:55      21    0.00    0.00    0.00    0.00    0.00    0.00    0.00    0.00  100.00
12:46:55      22    0.00    0.00    0.00    0.00    0.00    0.00    0.00    0.00  100.00
12:46:55      23    0.00    0.00    0.00    0.00    0.00    0.00    0.00    0.00  100.00
12:46:55      24    0.00    0.00    0.00    0.00    0.00    0.00    0.00    0.00  100.00
12:46:55      25    0.00    0.00    0.00    0.00    0.00    0.00    0.00    0.00  100.00
12:46:55      26    0.00    0.00    0.00    0.00    0.00    0.00    0.00    0.00  100.00
12:46:55      27    0.00    0.00    0.00    0.00    0.00    0.00    0.00    0.00  100.00
12:46:55      28    0.00    0.00    0.00    0.00    0.00    0.00    0.00    0.00  100.00
12:46:55      29    0.00    0.00    0.00    0.00    0.00    0.00    0.00    0.00  100.00
12:46:55      30    0.00    0.00    0.00    0.00    0.00    0.00    0.00    0.00  100.00
12:46:55      31    0.00    0.00    0.00    0.00    0.00    0.00    0.00    0.00  100.00

12:46:55     CPU    %usr   %nice    %sys %iowait    %irq   %soft  %steal  %guest   %idle
12:46:56     all    0.00    0.00    0.06    0.00    0.00    0.00    0.00    0.00   99.94
12:46:56       0    0.00    0.00    0.00    0.00    0.00    0.00    0.00    0.00  100.00
12:46:56       1    0.00    0.00    0.00    0.00    0.00    0.00    0.00    0.00  100.00
12:46:56       2    0.00    0.00    0.00    0.00    0.00    0.00    0.00    0.00  100.00
12:46:56       3    0.00    0.00    0.00    0.00    0.00    0.00    0.00    0.00  100.00
12:46:56       4    0.00    0.00    0.00    0.00    0.00    0.00    0.00    0.00  100.00
12:46:56       5    0.00    0.00    0.00    0.00    0.00    0.00    0.00    0.00  100.00
12:46:56       6    0.00    0.00    0.00    0.00    0.00    0.00    0.00    0.00  100.00
12:46:56       7    0.00    0.00    0.00    0.00    0.00    0.00    0.00    0.00  100.00
12:46:56       8    0.00    0.00    0.00    0.00    0.00    0.00    0.00    0.00  100.00
12:46:56       9    0.00    0.00    1.01    0.00    0.00    0.00    0.00    0.00   98.99
12:46:56      10    0.00    0.00    0.00    0.00    0.00    0.00    0.00    0.00  100.00
12:46:56      11    0.00    0.00    0.00    0.00    0.00    0.00    0.00    0.00  100.00
12:46:56      12    0.00    0.00    0.00    0.00    0.00    0.00    0.00    0.00  100.00
12:46:56      13    0.00    0.00    0.00    0.00    0.00    0.00    0.00    0.00  100.00
12:46:56      14    0.00    0.00    0.00    0.00    0.00    0.00    0.00    0.00  100.00
12:46:56      15    0.00    0.00    0.00    0.00    0.00    0.00    0.00    0.00  100.00
12:46:56      16    0.00    0.00    0.00    0.00    0.00    0.00    0.00    0.00  100.00
12:46:56      17    0.00    0.00    0.00    0.00    0.00    0.00    0.00    0.00  100.00
12:46:56      18    0.00    0.00    0.00    0.00    0.00    0.00    0.00    0.00  100.00
12:46:56      19    0.00    0.00    0.00    0.00    0.00    0.00    0.00    0.00  100.00
12:46:56      20    0.00    0.00    0.00    0.00    0.00    0.00    0.00    0.00  100.00
12:46:56      21    0.00    0.00    0.00    0.00    0.00    0.00    0.00    0.00  100.00
12:46:56      22    0.00    0.00    0.00    0.00    0.00    0.00    0.00    0.00  100.00
12:46:56      23    0.00    0.00    0.00    0.00    0.00    0.00    0.00    0.00  100.00
12:46:56      24    0.00    0.00    0.00    0.00    0.00    0.00    0.00    0.00  100.00
12:46:56      25    0.00    0.00    1.02    0.00    0.00    0.00    0.00    0.00   98.98
12:46:56      26    0.00    0.00    0.00    0.00    0.00    0.00    0.00    0.00  100.00
12:46:56      27    0.00    0.00    0.00    0.00    0.00    0.00    0.00    0.00  100.00
12:46:56      28    0.00    0.00    0.00    0.00    0.00    0.00    0.00    0.00  100.00
12:46:56      29    0.00    0.00    0.00    0.00    0.00    0.00    0.00    0.00  100.00
12:46:56      30    0.00    0.00    0.00    0.00    0.00    0.00    0.00    0.00  100.00
12:46:56      31    0.00    0.00    0.00    0.00    0.00    0.00    0.00    0.00  100.00
